-8.506222914162062665e+00
2.865276036804961990e+01
5.261205640794246818e+01
6.902530535818651458e+01
7.186581284888754340e+01
4.566101913788287447e+01
4.958993202770530218e+01
5.893282682942388107e+01
7.219290467410142753e+01
6.362969597625027518e+01
4.464389406139493133e+01
2.858830001174071356e+01
2.782378820985655210e+01
3.913876876059281074e+01
4.731288053395807225e+01
5.350433598358083742e+01
5.946211606816341089e+01
6.395243178557083752e+01
6.720848769894401187e+01
6.734242805141971644e+01
6.711592710521615857e+01
6.368712065001120948e+01
5.521443833999661877e+01
4.730603598619044448e+01
4.732236599081745254e+01
4.748670409813041005e+01
4.854357622454338639e+01
5.108030967949036949e+01
5.511720454293644167e+01
5.857915250859515055e+01
6.267667152183148715e+01
6.643676979021105922e+01
6.966861324559447155e+01
7.289002018585119913e+01
7.681754472827131508e+01
7.903606625598997937e+01
8.130520632883273890e+01
8.367716418609843743e+01
8.567139377711764325e+01
8.801889653880742515e+01
8.954977004258128659e+01
9.100730398864274662e+01
9.120681351516671498e+01
9.173868915723075190e+01
9.229580387237760419e+01
9.261896381174669557e+01
9.347456477899694960e+01
9.185420785564980406e+01
9.203495806061017959e+01
9.150983069627348243e+01
9.145280955727105265e+01
9.064338676518082139e+01
9.040625382078560790e+01
9.001630639718104021e+01
9.005235678195433024e+01
9.051057297084406628e+01
8.982800071836490474e+01
8.913984194111245074e+01
8.745242267313862783e+01
8.464191031629350448e+01
7.883947785730202895e+01
7.377735798687696445e+01
6.843520515195295673e+01
6.398160611474398252e+01
5.935264470133828496e+01
5.538155194650180846e+01
5.126601013270523310e+01
4.904531277499638264e+01
5.156420274348962351e+01
5.426085634773722433e+01
5.652231661078947411e+01
5.864225698278860932e+01
6.049037345550095068e+01
6.247959120226615681e+01
6.432860332782507840e+01
6.577941522842010613e+01
6.730905509657402774e+01
6.890329509704912425e+01
7.037366935380029531e+01
7.180360694747257355e+01
7.307578023782424737e+01
7.425856745652689028e+01
7.552227049076932985e+01
7.660464881839644136e+01
7.759940313596341355e+01
7.852870636208047017e+01
7.946940282118956134e+01
8.036266521443640443e+01
8.124742447178083182e+01
8.218328442829086100e+01
8.278027363416187256e+01
8.339884955965334257e+01
8.413593662598357525e+01
8.446524071458681249e+01
8.524361066109379692e+01
8.556979292765092282e+01
8.530050834006674165e+01
8.533273751113868855e+01
8.560199962420307429e+01
8.608354781367582120e+01
8.529431439412817895e+01
8.415935045092128064e+01
8.244099584140370496e+01
7.986915329712662981e+01
7.746448957269220159e+01
7.480520631336415249e+01
7.168293746564665980e+01
6.881497697021507065e+01
6.879131545348941756e+01
6.700580613944748620e+01
6.402205559003299129e+01
6.161891354278637323e+01
6.072378597643425024e+01
6.076835273382738478e+01
6.087452241944128417e+01
6.103411302474133038e+01
6.131233641662720402e+01
6.160781339299765591e+01
6.198901981693371255e+01
6.240426911354069262e+01
6.285112325014277701e+01
6.327385252680294059e+01
6.372063218535425477e+01
6.449096727370674387e+01
6.511343301026647623e+01
6.568696505730292756e+01
6.633771899808148476e+01
6.702943000709038301e+01
6.760279057772585531e+01
6.812409189877575955e+01
6.861680346491819193e+01
6.898104847613141999e+01
6.910294935353432777e+01
6.930399142739778995e+01
6.961562246076083227e+01
7.009142592298557872e+01
7.035158649358898231e+01
7.058899819291340805e+01
7.059027055272258622e+01
7.066129615029061029e+01
7.062388567718775789e+01
7.085100952092892612e+01
7.090506721160491566e+01
7.084267009790949032e+01
7.083459636743391741e+01
7.097066371615167668e+01
7.103119947834832715e+01
7.117709668601234796e+01
7.104144640153201351e+01
7.057996333854654836e+01
7.061974741026736524e+01
7.006601073356520715e+01
6.972938254067307184e+01
6.950025696018030885e+01
6.993731035043028044e+01
7.063626211329466287e+01
7.133437224379896691e+01
7.165039404561943570e+01
7.137632448711828204e+01
7.097208149258855769e+01
7.023215681940141053e+01
6.941375670772242756e+01
6.836818202354639595e+01
6.703591447676440396e+01
6.557632737869259643e+01
6.451561120727058096e+01
6.400267135577271915e+01
6.216489299917082434e+01
6.049728640544008584e+01
5.876945276157819364e+01
5.696155122790717940e+01
5.594752086012165648e+01
5.413428112450244356e+01
5.251637793415363831e+01
5.056619274349421289e+01
4.896455170327593720e+01
4.723769071782987794e+01
4.740568077400498481e+01
4.781066051419222873e+01
4.823810076676547709e+01
4.868831021822970939e+01
4.928160388881870091e+01
4.991245129391084845e+01
5.046525503827595571e+01
5.114617695885925741e+01
5.134223025587895251e+01
5.134421178924223739e+01
5.135578014408382330e+01
5.136720470915349068e+01
5.136173426945794063e+01
5.130587999271907051e+01
5.129316820502080532e+01
5.125348501591775374e+01
5.109418282544600487e+01
5.090770368270707991e+01
5.069708080135368533e+01
5.057354862176534027e+01
5.044866890014791494e+01
5.022162710410132291e+01
4.983913949495485696e+01
4.951705692878629606e+01
4.904853090491926793e+01
4.843846925615577703e+01
4.783529459125479377e+01
4.715376812571815890e+01
4.595969767101833270e+01
4.482445935935807313e+01
4.338900379962935716e+01
4.210125417260879033e+01
4.075085361644059390e+01
3.941066426666002798e+01
3.822563697575885300e+01
3.678693981417865189e+01
3.571387477702216273e+01
3.434997357354183123e+01
3.333107393956052533e+01
3.190432579405718627e+01
3.085883032055788533e+01
2.979397854180196248e+01
2.872071873003303111e+01
2.750681588886894957e+01
2.635654042335676195e+01
2.636448824778230460e+01
2.639563820842111141e+01
2.649926010825382505e+01
2.665947611182115651e+01
2.695174536335582616e+01
2.734761624678704450e+01
2.798356780378348674e+01
2.873476551334356444e+01
2.950903735671385419e+01
3.036403180126788470e+01
3.119410843394437904e+01
3.222305289026755304e+01
3.308791854536587351e+01
3.405922060062956547e+01
3.497029858872714669e+01
3.593311821143286267e+01
3.695291191857069180e+01
3.792834906867599898e+01
3.877994783626003539e+01
3.956318855293056203e+01
4.036545586104992367e+01
4.125161991402096362e+01
4.202090785976220388e+01
4.278407084514765302e+01
4.353643886777737748e+01
4.430981832090402861e+01
4.511485433759060015e+01
4.582624923101454328e+01
4.653423826568617017e+01
4.717103009290464399e+01
4.780812087701733759e+01
4.848929528340665485e+01
4.912354782643271278e+01
4.979095494268123190e+01
5.040450721554598346e+01
5.101963768938722410e+01
5.153889956608750822e+01
5.213811541685944206e+01
5.270673354136332023e+01
5.325335784731176147e+01
5.387007586021131544e+01
5.441377936855950281e+01
5.498017807092001874e+01
5.553521593556509828e+01
5.603056001321546375e+01
5.654523188058230687e+01
5.709487988024228855e+01
5.753971489230215042e+01
5.802212678673100754e+01
5.854069720862310788e+01
5.904471347431919526e+01
5.957913428276008005e+01
6.008280763057462082e+01
6.046349835642314474e+01
6.094683329569733132e+01
6.133744727990946899e+01
6.182129609612184140e+01
6.220116888540249533e+01
6.263828203837568509e+01
6.301469647226699067e+01
6.345557652122369063e+01
6.394022783470383331e+01
6.436928334436439059e+01
6.483776026650487267e+01
6.526744311973936874e+01
6.565405274440568917e+01
6.601779308359967047e+01
6.641626160529102663e+01
6.678023323052985916e+01
6.720025698859949159e+01
6.755110886584198227e+01
6.791824113405428420e+01
6.827511352283944746e+01
6.865224438523208050e+01
6.905658167593384178e+01
6.937308990431252198e+01
6.973969964683574574e+01
7.008774747388559945e+01
7.043666232838430119e+01
7.070432538431221303e+01
7.096076089109310203e+01
7.132026693568198539e+01
7.168715662063362970e+01
7.203598221206698327e+01
7.230389533459226925e+01
7.263309611246326369e+01
7.292820366120726305e+01
7.323808822207858782e+01
7.318238036552212122e+01
7.232134884556245424e+01
7.137855667335236376e+01
7.029157383859575248e+01
6.926592062080594303e+01
6.832075331849952704e+01
6.741248437891124468e+01
6.655268574652345137e+01
6.558847790345143380e+01
6.477164866055855441e+01
6.387904540487600968e+01
6.281825338588823371e+01
6.190482001053985073e+01
6.102862704331845123e+01
6.079617716156744223e+01
6.079618711652726404e+01
6.079709536412757842e+01
6.079871827521615302e+01
6.080552130944301581e+01
6.082018779176476642e+01
6.084064359114638165e+01
6.086332771597529501e+01
6.088914845020861577e+01
6.092642845256662554e+01
6.096582671996358016e+01
6.101037555793514855e+01
6.107050865021318486e+01
6.113677999603928725e+01
6.121155037523319464e+01
6.132267441946129338e+01
6.138678832972031785e+01
6.150901880981475500e+01
6.161511347675215688e+01
6.174846518534563700e+01
6.188572774683225930e+01
6.202751539522753177e+01
6.215430725843067705e+01
6.231895161115865989e+01
6.247155175988034159e+01
6.261918497917633175e+01
6.279100869864558376e+01
6.298210240578061558e+01
6.316196419299335219e+01
6.335325454300367198e+01
6.355436583220008373e+01
6.375011813637346592e+01
6.392001392635357604e+01
6.409494465495149029e+01
6.427834043443607470e+01
6.452374870302074328e+01
6.472054094705201521e+01
6.490549702420953793e+01
6.510796975546816157e+01
6.533805716942222830e+01
6.554138481128644855e+01
6.578583596634076969e+01
6.606542745958155649e+01
6.626710883263947949e+01
6.650445260369630773e+01
6.674140989011084457e+01
6.697229655267555870e+01
6.718356362828315298e+01
6.749406245725701581e+01
6.774351641999081153e+01
6.797452104495394565e+01
6.826492790736011784e+01
6.853691658088865779e+01
6.880408130363008468e+01
6.911045598283604363e+01
6.936829490947661725e+01
6.960921100995102506e+01
6.981517030215040620e+01
7.009894913141467043e+01
7.031289876838825137e+01
7.060521738323242857e+01
7.085282868489272801e+01
7.111128811458956989e+01
7.135752123381575984e+01
7.166134219291416230e+01
7.189727902416298377e+01
7.220220878071781101e+01
7.249273427313720219e+01
7.276427989375332572e+01
7.296476304395837076e+01
7.322108214401558257e+01
7.349888361184409291e+01
7.378634937071959143e+01
7.401952769127305487e+01
7.422774791927938054e+01
7.446888155619714666e+01
7.465493342429995494e+01
7.486782979528982196e+01
7.505834373550771943e+01
7.536641683538680070e+01
7.554453170061840694e+01
7.578072915556883515e+01
7.607945063593240320e+01
7.638865865816357825e+01
7.658871363263692444e+01
7.683624298812223685e+01
7.701373705901282563e+01
7.725508383803600054e+01
7.745487235898889367e+01
7.768411949033321662e+01
7.792857329996162719e+01
7.814689317790158896e+01
7.839045362791081573e+01
7.852187271764763921e+01
7.871605408118354319e+01
7.894931028228447190e+01
7.892047597759554378e+01
7.851880993959505872e+01
7.774428212675509542e+01
7.695956235743759066e+01
7.620322904305940881e+01
7.535655306864325098e+01
7.464069281090552010e+01
7.362518129862709770e+01
7.283629949353301924e+01
7.216355768241855628e+01
7.137251910883624362e+01
7.104050478123197365e+01
7.008021560418129070e+01
6.933367149206031854e+01
6.860614209411957631e+01
6.780871818707896637e+01
6.706167460872234187e+01
6.686805390756560996e+01
6.623110529154294568e+01
6.532543649284301068e+01
6.452327413731271122e+01
6.367141208450973267e+01
6.294584448175599078e+01
6.224692244013215969e+01
6.153733650823552637e+01
6.075292692646505799e+01
6.012210296561619316e+01
5.926588526014734271e+01
5.853390083232868335e+01
5.787531087446568279e+01
5.729123952209883441e+01
5.661673456107993729e+01
5.594799408561578957e+01
5.595492710552490934e+01
5.596205013787362503e+01
5.596354468154009965e+01
5.596105646537881029e+01
5.596113797787172928e+01
5.596418325696819807e+01
5.596550759707739786e+01
5.598450565568874282e+01
5.601774569050327557e+01
5.605868837275060912e+01
5.611398100045580861e+01
5.618978897093970204e+01
5.627727820015358162e+01
5.641657115695373648e+01
5.654752203590186355e+01
5.672974809328621859e+01
5.689815026627698558e+01
5.708726321578993179e+01
5.730855567082696922e+01
5.756708876051927604e+01
5.783007884427383516e+01
5.807984756734504828e+01
5.835572942363680227e+01
5.869951513995427206e+01
5.899720849761479258e+01
5.936705372138187897e+01
5.967495403089515094e+01
5.997836188762158116e+01
6.030357593583558895e+01
6.063540113009019450e+01
6.094343901008504361e+01
6.131793927625894014e+01
6.165781620289693876e+01
6.200997477189329743e+01
6.238023897010350538e+01
6.270616974782903696e+01
6.303746585458946328e+01
6.336857375435554474e+01
6.367352849192764097e+01
6.397439330751668507e+01
6.423669722754281963e+01
6.455368386471138820e+01
6.487377172592444197e+01
6.515210816760603052e+01
6.546225540621405514e+01
6.569743024425022782e+01
6.570399350750533074e+01
