-2.685229817219703818e+02
-2.695209248836187612e+02
-2.781279442057101505e+02
-2.803521121538914258e+02
-1.905013833161275159e+02
-1.271996884123511364e+02
-8.509886519279800154e+01
-4.780981694008446681e+01
-1.766519450512041800e+01
9.516251497424278227e+00
3.228722255290553989e+01
2.496695692028574598e+01
-8.121547599662648054e+00
-3.480170623693889098e+01
-5.144125130570932924e+01
-7.658842390349981599e+01
-9.710754830863572806e+01
-1.174960955749580478e+02
-1.259502274218332047e+02
-1.404257363658313977e+02
-1.543571346356004028e+02
-1.695229331293515997e+02
-1.843581300847088187e+02
-1.889298353945271174e+02
-1.970080220338631136e+02
-2.081931527677347162e+02
-2.183964445408632002e+02
-2.306913014267586846e+02
-2.402825551173039571e+02
-2.480944867567311576e+02
-2.480733631920553819e+02
-2.574406120186056341e+02
-2.654168604756901573e+02
-2.741117454146239538e+02
-2.796220963041280356e+02
-2.759000989581612657e+02
-2.779374512279261467e+02
-2.808440471252137627e+02
-2.774326467889982837e+02
-2.583330324850920761e+02
-2.257032257494371663e+02
-2.055239758092046429e+02
-2.121605794270890897e+02
-2.208926203094985681e+02
-2.274064764684545139e+02
-2.294355111355354211e+02
-2.294279188893907531e+02
-2.270571281469665905e+02
-2.238449543615961375e+02
-2.305822199253750000e+02
-2.378447351815156026e+02
-2.350107493365572680e+02
-2.405598290923922207e+02
-2.463465541052894139e+02
-2.505537913100390881e+02
-2.566792450941296693e+02
-2.615081713750650465e+02
-2.667449904734871780e+02
-2.710106828471475069e+02
-2.731053720756254961e+02
-2.765504178627265901e+02
-2.763003585265827837e+02
-2.762418174520016692e+02
-2.762968215097967573e+02
-2.797490119933088977e+02
-2.799822125641480284e+02
-2.811847511499263419e+02
-2.824302317367963724e+02
-2.801674721799734016e+02
-2.778820317086140221e+02
-2.793085604186908313e+02
-2.808790948264327767e+02
-2.788400135938026665e+02
-2.782150631954252731e+02
-2.782108795058288706e+02
-2.781593930430088903e+02
-2.776925659125075185e+02
-2.744067858938338986e+02
-2.653503856535676846e+02
-2.567570858078507285e+02
-2.450651591855718152e+02
-2.335295909452421199e+02
-2.237674799982428624e+02
-2.151038664595777732e+02
-2.079089532277645844e+02
-1.987577563882261700e+02
-1.902247448623685671e+02
-1.832595615454287952e+02
-1.746852554544176428e+02
-1.667725826147606369e+02
-1.601995410273187872e+02
-1.529582405800306333e+02
-1.476110336139814194e+02
-1.410101534917835124e+02
-1.353543466412666589e+02
-1.353543253600342098e+02
-1.353542044089149954e+02
-1.380643733569677352e+02
-1.420709863442156120e+02
-1.433736966602791085e+02
-1.433291417014179956e+02
-1.432341734771106587e+02
-1.424690942374124347e+02
-1.402097076366633530e+02
-1.374443445226451956e+02
-1.325351753985836183e+02
-1.276337698757473049e+02
-1.223924858856665026e+02
-1.168672024119906752e+02
-1.118217563289674104e+02
-1.068339925048354218e+02
-1.022028919909259912e+02
-9.773524547123173534e+01
-9.277174776238523179e+01
-8.865021208926351903e+01
-8.573525134187978836e+01
-8.516008043483988388e+01
-8.487328483150167813e+01
-8.824170107131736529e+01
-9.179152393364887530e+01
-9.549542040041188784e+01
-9.952739195430476116e+01
-1.037933134603496512e+02
-1.071339220181760368e+02
-1.108244859304834620e+02
-1.148314138527318562e+02
-1.181280987732071139e+02
-1.217962425884490614e+02
-1.249964432268832866e+02
-1.276933633811111974e+02
-1.312723853783930394e+02
-1.352960716335326197e+02
-1.384966392712923664e+02
-1.415070261683963508e+02
-1.443578661419476816e+02
-1.472109893270141754e+02
-1.483747495916473156e+02
-1.510738364579029280e+02
-1.546205075804808189e+02
-1.581310090703289859e+02
-1.616034425402740453e+02
-1.646277459641222549e+02
-1.671709306002059918e+02
-1.695691163194842090e+02
-1.704951474204196415e+02
-1.721629493862305083e+02
-1.747130757523999023e+02
-1.778752426509427664e+02
-1.779807532921673783e+02
-1.779807144256217839e+02
-1.794819711005077068e+02
-1.820116304577739186e+02
-1.849458044060842781e+02
-1.867481697428687824e+02
-1.867441064218414510e+02
-1.883139532223319748e+02
-1.913285709570967299e+02
-1.939817517119454351e+02
-1.964970741247657600e+02
-1.989620023454761508e+02
-2.011279661512221537e+02
-2.035927869502540375e+02
-2.061985425382462438e+02
-2.090598456813052621e+02
-2.116014187407986924e+02
-2.141297237578981765e+02
-2.160512637110716980e+02
-2.176763262545473765e+02
-2.200461773716951939e+02
-2.223638465622807701e+02
-2.242795154273313472e+02
-2.263196181237689188e+02
-2.284402925523027648e+02
-2.300125608729895248e+02
-2.316884492934271691e+02
-2.339921790788393992e+02
-2.359754379576576184e+02
-2.380470550040991782e+02
-2.402110110566446792e+02
-2.420124321774248415e+02
-2.421696885627021629e+02
-2.435980150354569673e+02
-2.457979380627455726e+02
-2.476864639475181775e+02
-2.491492101757870614e+02
-2.501674315773665001e+02
-2.518494631830889716e+02
-2.539097809903869063e+02
-2.559612583168020592e+02
-2.580425642782802811e+02
-2.598265969414094911e+02
-2.617107953921308763e+02
-2.631864979481088653e+02
-2.649205043263410175e+02
-2.658076719020905330e+02
-2.657792733948560908e+02
-2.656380612542438939e+02
-2.632326022745826322e+02
-2.615417698469170205e+02
-2.615144084599810981e+02
-2.607382545458203822e+02
-2.607320844073048534e+02
-2.612834679889349445e+02
-2.626796446716080595e+02
-2.643565050147161060e+02
-2.658536515002407441e+02
-2.670491234785425831e+02
-2.687368754593537119e+02
-2.702664593852380222e+02
-2.713419933555284729e+02
-2.720179155014506023e+02
-2.733841261274621957e+02
-2.739385854802328026e+02
-2.741296336339597133e+02
-2.742750615152794467e+02
-2.743961991761697732e+02
-2.752858074416805039e+02
-2.758782397700283013e+02
-2.769507366754750137e+02
-2.766494727362326671e+02
-2.765805184840048128e+02
-2.761700699863399677e+02
-2.761082479989055400e+02
-2.761081106388270427e+02
-2.761074587955466200e+02
-2.760958159297242673e+02
-2.760661103221476651e+02
-2.760029554510189200e+02
-2.758145263982745519e+02
-2.754815990383842177e+02
-2.747894770464780549e+02
-2.733556797098145239e+02
-2.712339379860412691e+02
-2.674365690845372114e+02
-2.634079998242925171e+02
-2.586163028450610568e+02
-2.538363154461896158e+02
-2.485278074691359791e+02
-2.432275999629973171e+02
-2.383549007776177859e+02
-2.343046316708890231e+02
-2.297162271546165471e+02
-2.255438899379054192e+02
-2.216826872977572123e+02
-2.170605338374800226e+02
-2.132050824712605674e+02
-2.099345947341244596e+02
-2.057628701550648316e+02
-2.024312668772002723e+02
-1.988308074458616090e+02
-1.955311138439166712e+02
-1.924970964865835299e+02
-1.891191421635565746e+02
-1.867183888404055097e+02
-1.839863737561029779e+02
-1.808637625539859641e+02
-1.780219238087539679e+02
-1.748761998217570977e+02
-1.721479925520237373e+02
-1.692722598158324843e+02
-1.665803919101088582e+02
-1.634688241030073357e+02
-1.604615281861341884e+02
-1.576526423876378544e+02
-1.550044095003485438e+02
-1.527127366333623399e+02
-1.502220561359745545e+02
-1.478385184581557326e+02
-1.454057439234242111e+02
-1.430978341611419182e+02
-1.407672852021200924e+02
-1.386537732490285180e+02
-1.358576359134036124e+02
-1.336070598296928154e+02
-1.314984797634426741e+02
-1.291378225431681415e+02
-1.269280894354580340e+02
-1.249315223310481144e+02
-1.230644997147994246e+02
-1.207853781938268583e+02
-1.185279588630775720e+02
-1.168111945405628802e+02
-1.144305739344040660e+02
-1.126182194845343361e+02
-1.103813775526641763e+02
-1.082577910258925300e+02
-1.060772889062544238e+02
-1.046133120803899743e+02
-1.025393771239901071e+02
-1.006632375243638080e+02
-9.900805245682363420e+01
-9.714564651592488076e+01
-9.535200198713974373e+01
-9.328422779733901393e+01
-9.133832870253270642e+01
-8.934335073806477112e+01
-8.746575122708138395e+01
-8.563908843397484816e+01
-8.397795361641321676e+01
-8.206975200014034044e+01
-8.007120098354658921e+01
-7.817688595437203958e+01
-7.668083165890428177e+01
-7.517729807568613865e+01
-7.377190997927291960e+01
-7.222733259468851941e+01
-7.065506185265492434e+01
-6.899941256501392672e+01
-6.742273586271738850e+01
-6.579619110173996432e+01
-6.381779439179566538e+01
-6.228253573339943472e+01
-6.068768292529899355e+01
-5.916446300529506175e+01
-5.774814471031938012e+01
-5.604663750300116476e+01
-5.427493581610858797e+01
-5.282571309508695379e+01
-5.154921561106349515e+01
-5.012541746041674173e+01
-4.847883221280532950e+01
-4.721529515696495594e+01
-4.566404376448583946e+01
-4.453185800442085451e+01
-4.303051584410313524e+01
-4.157850640675225407e+01
-4.007986843904528484e+01
-3.874022234008516818e+01
-3.741449479039965809e+01
-3.591152144726915196e+01
-3.461892053824563931e+01
-3.340789419737906485e+01
-3.182611148173302240e+01
-3.032315082031003328e+01
-2.890899995827745528e+01
-2.773135995036306412e+01
-2.646898247097847090e+01
-2.499935041705850836e+01
-2.469963074909052381e+01
-2.562457144662290887e+01
-2.727622557372088608e+01
-2.905047145773777828e+01
-3.068194998275858154e+01
-3.235880776238217038e+01
-3.425629155911525459e+01
-3.601214088309639294e+01
-3.736488239542779155e+01
-3.880573751922071324e+01
-4.018210276137480719e+01
-4.183490440036151625e+01
-4.335982677438067867e+01
-4.481925478221153725e+01
-4.604907335874993635e+01
-4.782154399176835824e+01
-4.883393004061696274e+01
-4.927742186700314875e+01
-4.927742187367282867e+01
-4.971129566930915189e+01
-5.132988045459816817e+01
-5.283128075781573330e+01
-5.427646950125017611e+01
-5.594816238720438406e+01
-5.755666236579129702e+01
-5.909262353753247510e+01
-6.036650506770056523e+01
-6.167712836049029335e+01
-6.316849719916437778e+01
-6.480586625109175714e+01
-6.515534552151248704e+01
-6.515534541458437445e+01
-6.515534540566373778e+01
-6.515534521255608524e+01
-6.515534495126307490e+01
-6.515534474568792689e+01
-6.515534390880645788e+01
-6.515534250955727202e+01
-6.539163805326444390e+01
-6.689878477112263511e+01
-6.784601269448565120e+01
-6.784601269461376205e+01
-6.784601268394615659e+01
-6.796283252411396347e+01
-6.935129929735516896e+01
-7.096746379432602225e+01
-7.210038604936653428e+01
-7.360000274841394230e+01
-7.512107517441667426e+01
-7.662302647076703010e+01
-7.777276481338087422e+01
-7.908448935817393988e+01
-8.053352017552749942e+01
-8.182989964089188106e+01
-8.234908367089356318e+01
-8.358337541539945903e+01
-8.483675811976935677e+01
-8.618929293890268184e+01
-8.751789835434011877e+01
-8.884585499322793112e+01
-9.000185029023896277e+01
-9.124685699517515047e+01
-9.254773024626973665e+01
-9.388764452840847241e+01
-9.403525790120539796e+01
-9.472502404717664604e+01
-9.607863682284695983e+01
-9.732278824268753681e+01
-9.821793494698061977e+01
-9.919394069398302349e+01
-1.000416603726796723e+02
-1.000657812069941173e+02
-1.012843701443464397e+02
-1.012843701584702245e+02
-1.012843702865245632e+02
-1.012843700723694980e+02
-1.022137938773880848e+02
-1.034176035918001162e+02
-1.046838223405313357e+02
-1.059058962971677005e+02
-1.071589256882186874e+02
-1.082252272131010500e+02
-1.088792137546097933e+02
-1.101875675303735136e+02
-1.111448597058258798e+02
-1.123248515247732229e+02
-1.133296876967060172e+02
-1.145191436009751982e+02
-1.156870542905520267e+02
-1.167696283745854515e+02
-1.179556582691473352e+02
-1.190299557319435166e+02
-1.199017083343461962e+02
-1.208927435533779544e+02
-1.218736671375623075e+02
-1.233636978953946510e+02
-1.241916135274459236e+02
-1.252930363073216284e+02
-1.262352664563569959e+02
-1.273650093044597753e+02
-1.283959150530689612e+02
-1.295774645185927341e+02
-1.306425794133309353e+02
-1.316769706776863131e+02
-1.323118682519823324e+02
-1.323118682146048286e+02
-1.328463745310997126e+02
-1.328475204368324967e+02
-1.328474936208581028e+02
-1.328465372944081082e+02
-1.328460558706782990e+02
-1.328432322562894683e+02
-1.328413871824961348e+02
-1.328413871824778596e+02
-1.328413860575567753e+02
-1.328413851225179769e+02
-1.328385709263632464e+02
-1.328280919779615488e+02
-1.328213921924573242e+02
-1.328182610272975239e+02
-1.334035929824603670e+02
-1.344995240200078399e+02
-1.356626117088989076e+02
-1.366645888425775013e+02
-1.376469055354226896e+02
-1.385451495061815024e+02
-1.397894547552681672e+02
-1.406579279758643679e+02
-1.415855200783830696e+02
-1.427197057119798842e+02
-1.436691383948165992e+02
-1.447055983014659546e+02
-1.457300361669678921e+02
-1.466590005037536457e+02
-1.475524907874915925e+02
-1.484807689044195058e+02
-1.495378191049159966e+02
-1.505960081428346768e+02
-1.516370233542420465e+02
-1.527205049971034896e+02
-1.536953323569809129e+02
-1.546234470053865948e+02
-1.555799676962188869e+02
-1.564484140371164358e+02
-1.575051238967268148e+02
-1.585361454067106877e+02
-1.595272121712183377e+02
-1.601197305934111910e+02
-1.608484624076499472e+02
-1.618682164281460132e+02
-1.627947683076120597e+02
-1.636781270805079487e+02
-1.645090518849622185e+02
-1.655004750454897646e+02
-1.660204992447713437e+02
-1.668107100061967856e+02
-1.676924212642053362e+02
-1.686360066502651591e+02
-1.694937765338231941e+02
-1.703321050851900509e+02
-1.712424544182058810e+02
-1.721747903736990963e+02
-1.730907912592711853e+02
-1.739408737470404276e+02
-1.745033828823156909e+02
-1.752535107930795846e+02
-1.752535108184680439e+02
-1.752535110090526302e+02
-1.762222451237596488e+02
-1.768669720701705330e+02
-1.776467863335925301e+02
-1.785759833510923613e+02
-1.794486048734522683e+02
-1.802482356924785734e+02
-1.810514384663379701e+02
-1.818253156135733093e+02
-1.826557274693348916e+02
-1.835134628526262475e+02
-1.844767492496186208e+02
-1.853586817389633268e+02
-1.862264066495410475e+02
-1.871030723987659030e+02
-1.879858774351707780e+02
-1.888507709601511806e+02
-1.896241820952453736e+02
-1.904795765305814257e+02
-1.909475129684809644e+02
-1.915697668534447473e+02
-1.923979169774853233e+02
-1.931896521875638655e+02
-1.939161440183668219e+02
-1.946178705352107556e+02
-1.946178703644520169e+02
-1.946178703625199091e+02
-1.946178703600914446e+02
-1.946178703545118083e+02
-1.946178702970238703e+02
-1.946178702347281160e+02
-1.946178700972406830e+02
-1.946178684700830956e+02
-1.950321118326652652e+02
-1.958151770297502878e+02
-1.966380173533169398e+02
-1.974759119189925229e+02
-1.982789133334565861e+02
-1.990940836544178012e+02
-1.998280815591012924e+02
-2.004580465310226032e+02
-2.011416728806811420e+02
-2.020014372213220781e+02
-2.027939377365667610e+02
-2.034120683746708664e+02
-2.039395138609029345e+02
-2.045658308140899067e+02
-2.052989293761976910e+02
-2.059943498855924418e+02
-2.065441755788077955e+02
-2.075615578626832303e+02
-2.079847572383399381e+02
-2.087464469304358659e+02
-2.093311476261811492e+02
-2.100238702429687976e+02
-2.103267864234862543e+02
-2.103267597783927840e+02
-2.103124709791165401e+02
-2.102863126352588097e+02
-2.101960710386811115e+02
-2.100891089293642722e+02
-2.098786251354204353e+02
-2.096302282728357227e+02
-2.092666062660820785e+02
-2.089564735923671606e+02
-2.084873176529250145e+02
-2.079647700504361580e+02
-2.073052082637133822e+02
-2.065983053428770688e+02
-2.057144982483532374e+02
-2.049450519123441836e+02
-2.040046444903662177e+02
-2.029282925405659910e+02
-2.016630092305028370e+02
-2.005765743444063673e+02
-1.992581592814134126e+02
-1.982481754278254016e+02
-1.968068716985095250e+02
-1.953043631345295239e+02
-1.937221651776837632e+02
-1.923667373405659760e+02
-1.911091905342085511e+02
-1.896900886092753922e+02
-1.881149543514192715e+02
-1.865932111852394542e+02
-1.848961427070028094e+02
-1.836841128002021151e+02
-1.820345862952107723e+02
-1.804451682066092530e+02
-1.791098117662637037e+02
-1.775099602918298842e+02
-1.757475087495221828e+02
-1.741910303793353876e+02
-1.725924296160771974e+02
-1.709489894437392081e+02
-1.701957249609087057e+02
-1.698235325631210344e+02
-1.692938447113249651e+02
-1.685090614052699607e+02
-1.675778426914353645e+02
-1.662548254810720323e+02
-1.648849916897068510e+02
-1.633454197211794963e+02
-1.617099306849175093e+02
-1.597022789329861041e+02
-1.578921522274377480e+02
-1.560572244100731893e+02
-1.540705271601660229e+02
-1.520204333652589241e+02
-1.499200136921316755e+02
-1.478121165015828637e+02
-1.459663487373153714e+02
-1.440815617468989842e+02
-1.421610770909979919e+02
-1.404958321901059151e+02
-1.403549497234135970e+02
-1.400941805257387784e+02
-1.398388793875846545e+02
-1.394677575462744130e+02
-1.391252426968521263e+02
-1.388294721494860653e+02
-1.385087603434249672e+02
-1.381736381579424062e+02
-1.379263451977302566e+02
-1.373361804412854781e+02
-1.368170764398076642e+02
-1.363593755826717029e+02
-1.356826723665186591e+02
-1.351351198529591500e+02
-1.345762875039900166e+02
-1.339475916915532707e+02
-1.331423238971925969e+02
-1.323034674539214279e+02
-1.315252516331816537e+02
-1.306600588574192727e+02
-1.298347760315637345e+02
-1.289187416443828340e+02
-1.280338610493110139e+02
-1.271656655390510053e+02
-1.263827604858402651e+02
-1.255805427262525882e+02
-1.244451413934548043e+02
-1.236508075514219911e+02
-1.226548118677097676e+02
-1.218050190134667048e+02
-1.206335135124106159e+02
-1.194433373511858747e+02
-1.186214273357599041e+02
-1.175900626865227281e+02
-1.165929433404775324e+02
-1.157664824198874385e+02
-1.145345412540642940e+02
-1.136167966158290596e+02
-1.125156285185206428e+02
-1.115919096972185400e+02
-1.105927061100022399e+02
-1.093628055910214698e+02
-1.083236915921488048e+02
-1.072657634967673346e+02
-1.066297509229411844e+02
-1.066296571953659793e+02
-1.066274027010057779e+02
-1.062036564044666420e+02
-1.051221872626867651e+02
-1.039715584712869827e+02
-1.029511923339527755e+02
-1.017786044524740987e+02
-1.006229555685371650e+02
-1.000346412830648006e+02
-9.998623869894447580e+01
-9.906197830661658088e+01
-9.807193129644248586e+01
-9.681151188470643376e+01
-9.565268037669748935e+01
-9.471759726462872209e+01
-9.381263855433849130e+01
-9.275221021783393383e+01
-9.190392996595736008e+01
-9.112063836246258575e+01
-9.005868255348192974e+01
-8.913341987933431199e+01
-8.824740616118106118e+01
-8.729341611501952514e+01
-8.643096395884866467e+01
-8.544597586299347824e+01
-8.443768171118283306e+01
-8.353574233594368081e+01
-8.258406745632046864e+01
-8.178711647674178664e+01
-8.067242172088026564e+01
-7.995750864773219746e+01
-7.915187281739048331e+01
-7.813422939635373154e+01
-7.721872265713673755e+01
-7.629553554558795270e+01
-7.553381154763063421e+01
-7.461920350585288020e+01
-7.381242590458721509e+01
-7.316877235581152661e+01
-7.233294973319968335e+01
-7.143123275521043070e+01
-7.082472561849513681e+01
-6.993953891914712528e+01
-6.906825953443592425e+01
-6.820040115587346463e+01
-6.743921149720983976e+01
-6.660882791797337177e+01
-6.564863596135660373e+01
-6.487791247625062852e+01
-6.487315747296440804e+01
-6.487315214108052430e+01
-6.487315214108048167e+01
-6.487315214107988481e+01
-6.487315214100169669e+01
-6.487315214099078275e+01
-6.487315214086744675e+01
-6.487315214071620062e+01
-6.487315214028768651e+01
-6.487315213942679293e+01
-6.487315213140166748e+01
-6.487315213032907479e+01
-6.487315212311654022e+01
-6.524398682054682297e+01
-6.591638814098308785e+01
-6.664866091662435110e+01
-6.748630313476212450e+01
-6.820146805158934455e+01
-6.895795463174758311e+01
-6.983024672490137164e+01
-7.061632061975781482e+01
-7.133440184862209321e+01
-7.162258005793810867e+01
-7.234247567700646186e+01
-7.310990679270784653e+01
-7.394475085995115649e+01
-7.462821780926802262e+01
-7.542107272040108512e+01
-7.618279145054334833e+01
-7.710987477694457937e+01
-7.783308941045824270e+01
-7.853871216911961994e+01
-7.934682779473867242e+01
-8.003076043856979993e+01
-8.072382854347836201e+01
-8.147687029045430052e+01
-8.222181001427721014e+01
-8.300909907219738670e+01
-8.374755799270778311e+01
-8.439790173730803247e+01
-8.500123101486769883e+01
-8.571790934778985616e+01
-8.618188514330290673e+01
-8.667120752678052042e+01
-8.744807984564380376e+01
-8.744807987634388269e+01
-8.801211388085195608e+01
-8.870699095633463571e+01
-8.953726339152855473e+01
-9.026712417559073742e+01
-9.098911490641677347e+01
-9.170188637930280606e+01
-9.172381458046473313e+01
-9.172378562071097008e+01
-9.172375639475612275e+01
-9.172376082297496680e+01
-9.174208068313059528e+01
-9.245603542213939363e+01
-9.311508840638268225e+01
-9.381312663328992585e+01
-9.439672080021688316e+01
-9.500241411989966878e+01
-9.577573054752772919e+01
-9.624997298308439042e+01
-9.665326912940379600e+01
-9.712610341836139582e+01
-9.745517670798375320e+01
-9.813502315050439506e+01
-9.888541299077975566e+01
-9.945571319274837663e+01
-1.002530333416679156e+02
-1.009293022617317206e+02
-1.015618362124070870e+02
-1.020908246207763739e+02
-1.027129330611636817e+02
-1.032791263912161526e+02
-1.039706287558910986e+02
-1.045984936749886316e+02
-1.053144801255495935e+02
-1.060156330956570230e+02
-1.064421304308602174e+02
-1.071096850789560619e+02
-1.076735359336970248e+02
-1.083474671964876990e+02
-1.090957678770949002e+02
-1.097787489857892922e+02
-1.104995468798716303e+02
-1.106003335297090899e+02
-1.106003335293213610e+02
-1.106003335294737440e+02
-1.110542622898153695e+02
-1.118313968042130853e+02
-1.124156547354721312e+02
-1.129908002583547955e+02
-1.135421889595419032e+02
-1.142242304265540440e+02
-1.148165982713901485e+02
-1.152741661317272701e+02
-1.156454977354822660e+02
-1.160249644149348569e+02
-1.165418376864247136e+02
-1.172003072336749483e+02
-1.178699768647660591e+02
-1.185907242090472806e+02
-1.191150915921070634e+02
-1.197731430098743175e+02
-1.203776535798200200e+02
-1.208585791433076650e+02
-1.214784337589890129e+02
-1.221154802321818522e+02
-1.226456447572028736e+02
-1.231893976317168722e+02
-1.236752490238989566e+02
-1.241796162920989559e+02
-1.248881202065540350e+02
-1.253894628511073677e+02
-1.260313328798538635e+02
-1.266550624627572006e+02
-1.272070234795615136e+02
-1.277869158042268509e+02
-1.282699056922474767e+02
-1.289252899089853202e+02
-1.295438503915966635e+02
-1.301198874375231185e+02
-1.305598918237238308e+02
-1.312984546067566498e+02
-1.318995501611351528e+02
-1.324696520722483228e+02
-1.329752487042014195e+02
-1.335414695648896100e+02
-1.340967455057830477e+02
-1.347113208644523468e+02
-1.351919615009133793e+02
-1.357568557205472075e+02
-1.363639310409577092e+02
-1.368254994083020506e+02
-1.373302019740710307e+02
-1.374890059847867008e+02
-1.374890059292631861e+02
-1.374890051671950459e+02
-1.374890038400419883e+02
-1.374890034169614239e+02
-1.374890031588134320e+02
-1.380666874051555340e+02
-1.385616304956192550e+02
-1.391275641869289643e+02
-1.396936598304008612e+02
-1.401883085976257348e+02
-1.407593962428234136e+02
-1.410952410536873458e+02
-1.417707949941926699e+02
-1.423052163673467589e+02
-1.426639126347503463e+02
-1.426639114017018244e+02
-1.426639112568026633e+02
-1.426639110596715057e+02
-1.426639104573306440e+02
-1.432530380775293111e+02
-1.437634642872556014e+02
-1.443263131800975430e+02
-1.448575394586657126e+02
-1.453479647555680572e+02
-1.459352446141539588e+02
-1.465255413347991009e+02
-1.469674297990975447e+02
-1.474852070888294406e+02
-1.480168038697504755e+02
-1.485092978700191964e+02
-1.490585052534903525e+02
-1.496341928961386998e+02
-1.502099243903143986e+02
-1.507611565548275507e+02
-1.512923914501131719e+02
-1.517294640978300890e+02
-1.523219765646235828e+02
-1.527570573262776463e+02
-1.532652785418737835e+02
-1.537848362217890497e+02
-1.543193427373408326e+02
-1.548827482545116538e+02
-1.554025089648977200e+02
-1.558722738305362157e+02
-1.563207504237153955e+02
-1.568220766274290554e+02
-1.572430937800169772e+02
-1.576945457497820939e+02
-1.581780371676954928e+02
-1.581780348299656680e+02
-1.585419919513644516e+02
-1.591039760485799377e+02
-1.596476608066632821e+02
-1.601546294776578918e+02
-1.604035788544628076e+02
-1.603641515795906116e+02
-1.603641489227421175e+02
-1.603552205924140992e+02
-1.603429176483931542e+02
-1.603257044826225410e+02
-1.603046538488151782e+02
-1.602839567803416685e+02
-1.602385978313760120e+02
-1.602385978313722035e+02
-1.602385972159128187e+02
-1.600996818332419593e+02
-1.599420453889424607e+02
-1.597936578711638163e+02
-1.600474936457246997e+02
-1.605249740560382747e+02
-1.609926939039313822e+02
-1.615041507143468209e+02
-1.620201148715719626e+02
-1.624300641150366857e+02
-1.629046254613537883e+02
-1.633375790722533907e+02
-1.637039967052809573e+02
-1.641336232292062505e+02
-1.646571686909536538e+02
-1.652150872977038318e+02
-1.656837447784356812e+02
-1.659239324553739721e+02
-1.661347803122246773e+02
-1.667146110508055301e+02
-1.672014426005922587e+02
-1.676610942035804896e+02
-1.681085576594722397e+02
-1.684240442315983444e+02
-1.688977177073375060e+02
-1.693943383096406308e+02
-1.699002095380330672e+02
-1.703480598322207129e+02
-1.707257896200966343e+02
-1.711236143158878633e+02
-1.711751798911512878e+02
-1.712053013429205635e+02
-1.712053000540919072e+02
-1.712052999407540028e+02
-1.715652571433470825e+02
-1.720006087265816177e+02
-1.724573720587055163e+02
-1.729061204177776290e+02
-1.733952531583172743e+02
-1.739079781723644089e+02
-1.743907463853437321e+02
-1.748807911296460702e+02
-1.754133296030277620e+02
-1.758428121064122820e+02
-1.762443139246236399e+02
-1.767791793399847791e+02
-1.773514303784672848e+02
-1.775265955007382956e+02
-1.775228602641867042e+02
-1.775839908337567863e+02
-1.778526300911853752e+02
-1.781093585271591735e+02
-1.782878383158154065e+02
