-6.979193382734833051e+01
-6.640390019508420494e+01
-1.525139838273710780e+01
2.122009729407285050e+01
5.648778197591804684e+01
8.251384005002047672e+01
1.058421961229348085e+02
1.266871346175300488e+02
1.450679589792900401e+02
1.596280330041924458e+02
1.752239300601211767e+02
1.876279461236259749e+02
2.019965689532290583e+02
2.153987050109477082e+02
2.254315507387988475e+02
2.378551902455008644e+02
2.468827110532791380e+02
2.556136551350627428e+02
2.644676932237640585e+02
2.711472148870190040e+02
2.739661236285613768e+02
2.794429908395511006e+02
2.827748342721389463e+02
2.766819638185202734e+02
2.827638884601167319e+02
2.806763627819561293e+02
2.791343513658753750e+02
2.833042133391567745e+02
2.853863027247352306e+02
2.826614757480794538e+02
2.743327791559499929e+02
2.381035297334111647e+02
2.381368754132434447e+02
2.386486894218489283e+02
2.407461996769560528e+02
2.452677648975189300e+02
2.527349130072169885e+02
2.592314459782862173e+02
2.657144371036373514e+02
2.732879223760418199e+02
2.785617006789044581e+02
2.844070251520215606e+02
2.896964522322035123e+02
2.943382108407201372e+02
2.988465295929217405e+02
3.038021291190453894e+02
3.073325300110041098e+02
3.105341996490939209e+02
3.142025994531572906e+02
3.183391433407502973e+02
3.219009683698243975e+02
3.249634056840636163e+02
3.293099468687008766e+02
3.326303759110928127e+02
3.332779796410423501e+02
3.352511280072093882e+02
3.347716899699792066e+02
3.368563195636749015e+02
3.364683153765324732e+02
3.385391213993888755e+02
3.391025750840145179e+02
3.396948568320291884e+02
3.411882224563370301e+02
3.411213591560559166e+02
3.410452541431104692e+02
3.394484340603605119e+02
3.391929062220531250e+02
3.363478509177707565e+02
3.371623915237946676e+02
3.385828056712982175e+02
3.375236229164206065e+02
3.378437276925322976e+02
3.384113138372962908e+02
3.395028983285695858e+02
3.371409311608184112e+02
3.368688303347976785e+02
3.366496646246239948e+02
3.384395873509593571e+02
3.358888501423149364e+02
3.365631075412064206e+02
3.380212593207838268e+02
3.367788847167958011e+02
3.370229616270946167e+02
3.372874701461717564e+02
3.379304779055495374e+02
3.368353805918105763e+02
3.363358635201532252e+02
3.365400983840170284e+02
3.365590457699096305e+02
3.365357094944520213e+02
3.345978551843196556e+02
3.193174252317403443e+02
3.095912249954646995e+02
2.871768986027763617e+02
2.675259817449515936e+02
2.596924514149462766e+02
2.596924469901255179e+02
2.596921494748223722e+02
2.611937563205898982e+02
2.628669352364456699e+02
2.652024335351086393e+02
2.682192261781499951e+02
2.709706602712476524e+02
2.724027750621648920e+02
2.741359328991703705e+02
2.763128403079298891e+02
2.782076955738840525e+02
2.803981554522945316e+02
2.829087710640476416e+02
2.850096608225796899e+02
2.873399476932331709e+02
2.892082376903099430e+02
2.913012696499518484e+02
2.931532339973768444e+02
2.950574838928548616e+02
2.968293053556532755e+02
2.989680949090993636e+02
3.006803547901475326e+02
3.024996625901912353e+02
3.045140661647126308e+02
3.065088280592955243e+02
3.081058378432729228e+02
3.097621107755616663e+02
3.114076034564849920e+02
3.131906790825208873e+02
3.148738024548280237e+02
3.163779503434403182e+02
3.179095290780880418e+02
3.196655546055105788e+02
3.213412617046925561e+02
3.225686669135360489e+02
3.241914395542269176e+02
3.253179674579803873e+02
3.270619402157871036e+02
3.284335504884937222e+02
3.299961565166385071e+02
3.315035022496900297e+02
3.324928282111766862e+02
3.336549824299165721e+02
3.349895404775533621e+02
3.362346284175735036e+02
3.370560332194526154e+02
3.377177466872250875e+02
3.386401826489615132e+02
3.388840430689130017e+02
3.398048300837435818e+02
3.402804737954809866e+02
3.395729770553531921e+02
3.398619163572050184e+02
3.401591229962042462e+02
3.412674757192510242e+02
3.418812601935435396e+02
3.412518520411593386e+02
3.391634380903926740e+02
3.385701965251145111e+02
3.391960969520633853e+02
3.378847272069058363e+02
3.382593709571921181e+02
3.389384266169505509e+02
3.388507806416666313e+02
3.383150811127015345e+02
3.379431128425318320e+02
3.383157521097809308e+02
3.390403000506240687e+02
3.397902848572307448e+02
3.399061956317981412e+02
3.404686615449811029e+02
3.398849311604830064e+02
3.401734540956266528e+02
3.396374804325643595e+02
3.393635097398840799e+02
3.388936786042906988e+02
3.391672540805774361e+02
3.393173228494166551e+02
3.390895021562751595e+02
3.398336601845646214e+02
3.403872440124786749e+02
3.409231508082002051e+02
3.412762498781867748e+02
3.417147654853805534e+02
3.423035865563098241e+02
3.416147566502618815e+02
3.410639550599931908e+02
3.418145635578987367e+02
3.421420309808871139e+02
3.421121587105961339e+02
3.423608479423710378e+02
3.414511853658034966e+02
3.424243939736756488e+02
3.417201343981956825e+02
3.413978550535535419e+02
3.404022955004803634e+02
3.411276333714757811e+02
3.415217838936704311e+02
3.414710204074594913e+02
3.416087834569591450e+02
3.425461218574668010e+02
3.426356818260475734e+02
3.419926236262975863e+02
3.428515154923728687e+02
3.425180633177255345e+02
3.418655273645450734e+02
3.409351707358231920e+02
3.405944808309382665e+02
3.406820715137535558e+02
3.409905907155284694e+02
3.405651916019144778e+02
3.409161598604836740e+02
3.400451069395973605e+02
3.406868322055338467e+02
3.415051676893268677e+02
3.418325174660474204e+02
3.418394940450645549e+02
3.413044430928704287e+02
3.419153082563301496e+02
3.420777761468310132e+02
3.425887344627274729e+02
3.431326327893764869e+02
3.435712512902287017e+02
3.433992265064160279e+02
3.430752657328844748e+02
3.432786987088030060e+02
3.431922210329512382e+02
3.422076475542916683e+02
3.417111244680605182e+02
3.415054296414661508e+02
3.424913893857531662e+02
3.416550998959139633e+02
3.417169292714024778e+02
3.419167448402693594e+02
3.419330219894558809e+02
3.420692501572783613e+02
3.423224038342013955e+02
3.426778407615273636e+02
3.433084503977975146e+02
3.438774760940331134e+02
3.436690467973155592e+02
3.438136039139808986e+02
3.435537813289621454e+02
3.434430643674662065e+02
3.437749527485542558e+02
3.424950755490299343e+02
3.429151430931302116e+02
3.427713320150724030e+02
3.418661709676187002e+02
3.415993782397588348e+02
3.415395162029165590e+02
3.414357810218601799e+02
3.414335974413517079e+02
3.414312801276316804e+02
3.414220235094212512e+02
3.414017587713692592e+02
3.413275895799785076e+02
3.408978515661589199e+02
3.394628948135579094e+02
3.394579582713755599e+02
3.364469467238603784e+02
3.293405185475850203e+02
3.211133457215404405e+02
3.197302033781994623e+02
3.197302033765457736e+02
3.197301955202671024e+02
3.197299649283733061e+02
3.197293501196998022e+02
3.136682858713168116e+02
3.043194191014516718e+02
2.954535156324499212e+02
2.872490065947031326e+02
2.804554059743105654e+02
2.718908561843635994e+02
2.658527008875512365e+02
2.635267352279658439e+02
2.635237520458363178e+02
2.635234548443127096e+02
2.635232619559398017e+02
2.605630556932098898e+02
2.529951474139017762e+02
2.471605965222537407e+02
2.404297984300249311e+02
2.350831522363817498e+02
2.323878451823835007e+02
2.325592334295141654e+02
2.327287097816234223e+02
2.330723416056808048e+02
2.335953406123234402e+02
2.340994612863897260e+02
2.347673086075199080e+02
2.354957539071887140e+02
2.364064513194267079e+02
2.372062423290608990e+02
2.380685746501519588e+02
2.389951503395882924e+02
2.403561590085350304e+02
2.410894235331060997e+02
2.411134974563222499e+02
2.412523615434006956e+02
2.415070912579734568e+02
2.419154845806990863e+02
2.423582057563702392e+02
2.428078413428660838e+02
2.433027128031310440e+02
2.442467725288947804e+02
2.450845754386050430e+02
2.458914126711724748e+02
2.467101898949727286e+02
2.475506380381685858e+02
2.484644330267891235e+02
2.496100692941260775e+02
2.503768213360373807e+02
2.503779025848791093e+02
2.503784899816970722e+02
2.503658530271355573e+02
2.503497085491698613e+02
2.503140237165400492e+02
2.516348700320781120e+02
2.533784997806773163e+02
2.550567250723684367e+02
2.566879447692932672e+02
2.582388488360516021e+02
2.596813322537402655e+02
2.609524141470389509e+02
2.623600244673609723e+02
2.637477398382021647e+02
2.648416494588681189e+02
2.659609170425674733e+02
2.671855828981023819e+02
2.682743980745359522e+02
2.691850082970838116e+02
2.702246928989223989e+02
2.710840138836703090e+02
2.720761236827301559e+02
2.731497333405972086e+02
2.742272665023823492e+02
2.751320711155323124e+02
2.759647916610269363e+02
2.771177303182361129e+02
2.779824020551853891e+02
2.788249091304118679e+02
2.797168203308754073e+02
2.805265665075512516e+02
2.813320399980763682e+02
2.822990038909231316e+02
2.830847462820470355e+02
2.837205572909019224e+02
2.843643352459581024e+02
2.849366852812032107e+02
2.855424025983607521e+02
2.860870523745175547e+02
2.868518375232975472e+02
2.875504289553773560e+02
2.881598317257917188e+02
2.890346153984831972e+02
2.896152180715580471e+02
2.900824149217070840e+02
2.907186078244582745e+02
2.911714328048080915e+02
2.916633028507711742e+02
2.923100819902090279e+02
2.926840992932174572e+02
2.932873240250963818e+02
2.937969044792007480e+02
2.943585094697428417e+02
2.944826293126782275e+02
2.949502128059006623e+02
2.949454420750745953e+02
2.953804563302398378e+02
2.960570653271404353e+02
2.959782227390196567e+02
2.964485749101712599e+02
2.966493070491984554e+02
2.968663552197204467e+02
2.971693154852660541e+02
2.972035382290094958e+02
2.974717547612544877e+02
2.980991765597938752e+02
2.982709559938984398e+02
2.986435154762226603e+02
2.988382904320674243e+02
2.989146171404081542e+02
2.990575631539432493e+02
2.989469022165950491e+02
2.989778907310628711e+02
2.989165584425365978e+02
2.986074757626365681e+02
2.988027971554888040e+02
2.985716681002111272e+02
2.985037079688141262e+02
2.988170187961352440e+02
2.987507543313956830e+02
2.989515815014769942e+02
2.991450751187558126e+02
2.987238102234601911e+02
2.984113846648072013e+02
2.988247043126802396e+02
2.991851885986040998e+02
2.991601322015313258e+02
2.992302816157192069e+02
2.990829484763995083e+02
2.993055488141078513e+02
2.991571541134101153e+02
2.985782636148701954e+02
2.987361128602354938e+02
2.988108295464278399e+02
2.984343175616247663e+02
2.984252393574739131e+02
2.983972125840173817e+02
2.980428286537828058e+02
2.973461438790963598e+02
2.956501004077928769e+02
2.929259712496199768e+02
2.894854051139861895e+02
2.856221468724440342e+02
2.807814314701306557e+02
2.801371512609286469e+02
2.764259635137089504e+02
2.735088913443893830e+02
2.735088397281693346e+02
2.735072842910244049e+02
2.735072841885607886e+02
2.735071666506813699e+02
2.735071665743917038e+02
2.735071665743917038e+02
2.735071665242044787e+02
2.735071636608969925e+02
2.735071541258611205e+02
2.702045538054800318e+02
2.651325524574153860e+02
2.602832098191582872e+02
2.563809111313818789e+02
2.519900854017562040e+02
2.484573734142170736e+02
2.445818039961997385e+02
2.445817510219929147e+02
2.445816178462550852e+02
2.445816176616322366e+02
2.445816166665572950e+02
2.445815956863422969e+02
2.429234245878516276e+02
2.397493965886127683e+02
2.386124810735934432e+02
2.352442189693618388e+02
2.317290521902001217e+02
2.283951019322409763e+02
2.250445887446332165e+02
2.212093863049370839e+02
2.194239887658370378e+02
2.161557190195816247e+02
2.150832934568426253e+02
2.150829803643504476e+02
2.150828409718737362e+02
2.151452556951901727e+02
2.153647465146351578e+02
2.156387692372373408e+02
2.159163153909475454e+02
2.162094363289006367e+02
2.165905513793323962e+02
2.169197472543219192e+02
2.172984996196577754e+02
2.177187273278418047e+02
2.182473392123134488e+02
2.188002560232822589e+02
2.193582288522822239e+02
2.199093657138103595e+02
2.204794042021329972e+02
2.210661042789271278e+02
2.215749689444709531e+02
2.221778733419473042e+02
2.227035089952835847e+02
2.233651107900650459e+02
2.239799079372623112e+02
2.245904884278818656e+02
2.251905973428885375e+02
2.258758453476024783e+02
2.264670834131807737e+02
2.270586328080540568e+02
2.277107274643748553e+02
2.283790799253317232e+02
2.289398558047454912e+02
2.295934360850368137e+02
2.302383134606118062e+02
2.308775123229106612e+02
2.314712318996664351e+02
2.321539939043724416e+02
2.327503232118376673e+02
2.333957448551560958e+02
2.339883052905039449e+02
2.346595891654331467e+02
2.353933963985175808e+02
2.359628620596060671e+02
2.365175884048321109e+02
2.369771853947535476e+02
2.376892383897698551e+02
2.383292690644921379e+02
2.388850796760464732e+02
2.394680669099342083e+02
2.400510926585421316e+02
2.406115370252761636e+02
2.411358475880035144e+02
2.416508165178728120e+02
2.420868413061089370e+02
2.426930368316612032e+02
2.432257039700202199e+02
2.439225543061161261e+02
2.445067437005342015e+02
2.450404056097072498e+02
2.456442709328234457e+02
2.462159579113902907e+02
2.468780585348361569e+02
2.475486236529554560e+02
2.481409266266479960e+02
2.485166971917053615e+02
2.490314469203816543e+02
2.495056848061863661e+02
2.500976580804984337e+02
2.504681733168705193e+02
2.508433238098680818e+02
2.513504438768066223e+02
2.519104323460403521e+02
2.524618212879632893e+02
2.528554394468170869e+02
2.533058075028581868e+02
2.537114445420916695e+02
2.540706108939004082e+02
2.544455552724158167e+02
2.548728898135703389e+02
2.551888569101393500e+02
2.556366255172837043e+02
2.561078319311839664e+02
2.564511875260487841e+02
2.569266688337640971e+02
2.574197049348063615e+02
2.578169601569186966e+02
2.583351522213996532e+02
2.586617887719413602e+02
2.592070104441615399e+02
2.597049923616767160e+02
2.602077707992495448e+02
2.606161687015633106e+02
2.610238777072536323e+02
2.615048599216777347e+02
2.619760860010711099e+02
2.624113534195624311e+02
2.627959172233076401e+02
2.631841053361830518e+02
2.635695118233032304e+02
2.639094776178843631e+02
2.643803133335707685e+02
2.646792740638630335e+02
2.650106121407093838e+02
2.653869747204455507e+02
2.657647939438021467e+02
2.662218082452964154e+02
2.665711590812572354e+02
2.669005989910734229e+02
2.671512273951589123e+02
2.674969279416973222e+02
2.679419168238164275e+02
2.683845221977291544e+02
2.687601910995190337e+02
2.690865265331075307e+02
2.693290769302400918e+02
2.695571710960986707e+02
2.698728705355574107e+02
2.701781677714842544e+02
2.706495928101609820e+02
2.709108353796181632e+02
2.712125495251780194e+02
2.714632630038621528e+02
2.718022942208895643e+02
2.720480400596116510e+02
2.724356024207479550e+02
2.728085172573830164e+02
2.729251762053445987e+02
2.730736527245629759e+02
2.732923742385578976e+02
2.733246254662015531e+02
2.737569747459868381e+02
2.738517463617013732e+02
2.742332301644843824e+02
2.743408438528078364e+02
2.746559846204421547e+02
2.746472903799398750e+02
2.749789613971009885e+02
2.753240049494327764e+02
2.755908901890031188e+02
2.757321258602768808e+02
2.759951063483438816e+02
2.760629637637729275e+02
2.763151984357878064e+02
2.762438331575717712e+02
2.763760645536378320e+02
2.763699474808247487e+02
2.763989420037166838e+02
2.764347207221458120e+02
2.766276342922053004e+02
2.764350878527391160e+02
2.766776379629326925e+02
2.768574712691815876e+02
2.767137771967405797e+02
2.767337610718132055e+02
2.768865450324470316e+02
2.769332435206548553e+02
2.770698503251452394e+02
2.771745119418135346e+02
2.773900293701831856e+02
2.773030631584739467e+02
2.773589224841281862e+02
2.774660745099348560e+02
2.774985962789498330e+02
2.773947774300438596e+02
2.773059161141019899e+02
2.773625345183610875e+02
2.775135729514834111e+02
2.776453743192664092e+02
2.776298940673553375e+02
2.770821244639751058e+02
2.770863842340587553e+02
2.770225665634740153e+02
2.770335450175817300e+02
2.770524141797437778e+02
2.773064975917350239e+02
2.772875597440455522e+02
2.771995084831161762e+02
2.772354249340772867e+02
2.773648627180684230e+02
2.773367282180441293e+02
2.770719094049725300e+02
2.772038342227953649e+02
2.772249417628160586e+02
2.771558008737537762e+02
2.774451777135838597e+02
2.772106524717557363e+02
2.773275778509998872e+02
2.773136261288719879e+02
2.775021177621910624e+02
2.776796936389048938e+02
2.779476575087862216e+02
2.780305324002013663e+02
2.777221577279735811e+02
2.776839836466075440e+02
2.776747135023339297e+02
2.775378546361623080e+02
2.761112976316397862e+02
2.759557654894605889e+02
2.756587839601986047e+02
2.752450460325076165e+02
2.746530465064612372e+02
2.736661039398899220e+02
2.725375156896282078e+02
2.710953650430764696e+02
2.710952861642094263e+02
2.700434415048185315e+02
2.681428654918015582e+02
2.659319608148356906e+02
2.657513444362209611e+02
2.657512830051999799e+02
2.657503096802167306e+02
2.633902983949492409e+02
2.613717340257824731e+02
2.584664485382673433e+02
2.561485295377404441e+02
2.537164298214163978e+02
2.503755541044536415e+02
2.474330796792682463e+02
2.448959262806950221e+02
2.425363835089330280e+02
2.416867778200334556e+02
2.416867712945415292e+02
2.416866691595318457e+02
2.416863681465700324e+02
2.416837507422137321e+02
2.416816684902091197e+02
2.416760796917305640e+02
2.416749098777254687e+02
2.416724788595096243e+02
2.416708516892367129e+02
2.418440874286189057e+02
2.422765017362637252e+02
2.426754971771386522e+02
2.431415910552077264e+02
2.435439662785145174e+02
2.439869943816430293e+02
2.443803052485677085e+02
2.448391655694785243e+02
2.453364667690151180e+02
2.456952117005203320e+02
2.460711225178308723e+02
2.464226485776947015e+02
2.468776782458174068e+02
2.473557367944800376e+02
2.477082723977376588e+02
2.481276243369512713e+02
2.485472290143288774e+02
2.489096828637115379e+02
2.493590293813758763e+02
2.497725344594122703e+02
2.500913650814897551e+02
2.505412628914013737e+02
2.508695345240164158e+02
2.512934020862549005e+02
2.515755674152945858e+02
2.519394431510695540e+02
2.523287698307665323e+02
2.527328468561807995e+02
2.530814252139055327e+02
2.533973231223338871e+02
2.537172420549904075e+02
2.540811616378111921e+02
2.544308282703244686e+02
2.548224519425338883e+02
2.552045245296921223e+02
2.556894165527388054e+02
2.560488686219558190e+02
2.563620768653758546e+02
2.567164199767560717e+02
2.571266300660764159e+02
2.575103604860939299e+02
2.578797844829989572e+02
2.582256584689832835e+02
2.585471745951919047e+02
2.589760372878191106e+02
2.593342476877041349e+02
2.596847361182032046e+02
2.601221763209247229e+02
2.605078356402564737e+02
2.608142697971698567e+02
2.609577111810029919e+02
2.613486374953266704e+02
2.615541746329232069e+02
2.617516723229535955e+02
2.620554376517070523e+02
2.622999219566130478e+02
2.625915503686757688e+02
2.629036583903157407e+02
2.630510631687229761e+02
2.633834390400110124e+02
2.637266419552833554e+02
2.640348417475356086e+02
2.642624290696227263e+02
2.646586261737373889e+02
2.649881296345740793e+02
2.653718698888167182e+02
2.657251308795296154e+02
2.660497915478205186e+02
2.664068128407614608e+02
2.667258152144007113e+02
2.670607818168686549e+02
2.673460075659930908e+02
2.676261647494867475e+02
2.678834347067513022e+02
2.681885603694318547e+02
2.684758545024996010e+02
2.687202868713166026e+02
2.689293394259751722e+02
2.691408112777484121e+02
2.692068346250594573e+02
2.692070384687760338e+02
2.692072577465330028e+02
2.692076699906672275e+02
2.692086406000308898e+02
2.692101873351364816e+02
2.692136758265838807e+02
2.692169166687620532e+02
2.692220114354148564e+02
2.692309984116302530e+02
2.692403551010699516e+02
2.692489902421324928e+02
2.692592715937908565e+02
2.692730981984338996e+02
2.692892065330229343e+02
2.693079245004295217e+02
2.693241349973494607e+02
2.693500255205127019e+02
2.693753795735048016e+02
2.694014816422842387e+02
2.694330686189192647e+02
2.694674583778766532e+02
2.695017749584040985e+02
2.695380530530750889e+02
2.695841395864517835e+02
2.696330412716480396e+02
2.696864263043276537e+02
2.697438321336957188e+02
2.697951183971768501e+02
2.698529429451057240e+02
2.699260102049934744e+02
2.699869613519430231e+02
2.700588178700715503e+02
2.701335840663261365e+02
2.702052847619710292e+02
2.702783260599742334e+02
2.703856418772675738e+02
2.704703656252461883e+02
2.705598318614303253e+02
2.706713798041432142e+02
2.707735514789649756e+02
2.708996882380098441e+02
2.710237911126819199e+02
2.711343612198007804e+02
2.712589249294034630e+02
2.713984516338796880e+02
2.715417039349500783e+02
2.716976835896844022e+02
2.718623233254020874e+02
2.720560611622982492e+02
2.722407882880927446e+02
2.723952464407007596e+02
2.725520734941100045e+02
2.727531493758351075e+02
2.729602334078513195e+02
2.731492386284616600e+02
2.733241544597258326e+02
2.735570463390023406e+02
2.737825816012826294e+02
2.740090405143095040e+02
2.742439360349040953e+02
2.745142459116191844e+02
2.747807405023041838e+02
2.750144199343785658e+02
2.752486190841675580e+02
2.755247696415545988e+02
2.757653177339603872e+02
2.760296959620670236e+02
2.763504287502918260e+02
2.767005843000489449e+02
2.769441541584372430e+02
2.772504893800385162e+02
2.775474420537812534e+02
2.778973770451626137e+02
2.782886859714540151e+02
2.786447074375030297e+02
2.789864000079978723e+02
2.793785061408844967e+02
2.797231429698670127e+02
2.801242514271714299e+02
2.804708630459542746e+02
2.808554627628475373e+02
2.812613206226085936e+02
2.816178442941276785e+02
2.820224827635892098e+02
2.824257291245818351e+02
2.828744168933018273e+02
2.832955006065109274e+02
2.836909843245697402e+02
2.840047410700433375e+02
2.843810948189516239e+02
2.847429733781517029e+02
2.851780591361658139e+02
2.856294354848136550e+02
2.860819312863999926e+02
2.865018811320945247e+02
2.868922404104793031e+02
2.871949381147480835e+02
2.876443081979179510e+02
2.880956641061625874e+02
2.884995433609740303e+02
2.888382448670562326e+02
2.892162590503792785e+02
2.897068236847130152e+02
2.900172936009786895e+02
2.904154565793368192e+02
2.907461374430470755e+02
2.911321583649792615e+02
2.915461459500890555e+02
2.918477169380208807e+02
2.921614771031570967e+02
2.924513794061611520e+02
2.928197826292476975e+02
2.931349317892289719e+02
2.934632447444266745e+02
2.938412818634247401e+02
2.942133618930632224e+02
2.945694589957149674e+02
2.948823687482695846e+02
2.952229994707230389e+02
2.956092245121917017e+02
2.959047986062115569e+02
2.962720806940935745e+02
2.966069196875512262e+02
2.969806478337483213e+02
2.973389705969069041e+02
2.977066150704844745e+02
2.979725391550506970e+02
2.983126030218932101e+02
2.985983182493652635e+02
2.987498219786201048e+02
2.991288045758013823e+02
2.994356353035821598e+02
2.998036086775851459e+02
2.999406417438468679e+02
3.001440989492187441e+02
3.004253282923329493e+02
3.006571379368498356e+02
3.008378372949075015e+02
3.011687670924267195e+02
3.013145201052412858e+02
3.015321225003247605e+02
3.017888435962424865e+02
3.020298006106177127e+02
3.022673523559598721e+02
3.024611823067717751e+02
3.026927263372961079e+02
3.029564351929468558e+02
3.032148421660195936e+02
3.034402667181856259e+02
3.037881011793040216e+02
3.040437997593763271e+02
3.039931535037101185e+02
3.042854462756745875e+02
3.045859469375709523e+02
3.047292007884856844e+02
3.049021325257615445e+02
3.050568273165916366e+02
3.053533609128867852e+02
3.053911217439331267e+02
3.056390428110688049e+02
3.054318363568229984e+02
3.054927809494678854e+02
3.057438210209605245e+02
3.056236607636781173e+02
3.059159132056463477e+02
3.060210976190793986e+02
3.061358509641700607e+02
3.063240754047244536e+02
3.062968348507732230e+02
3.064190706905924344e+02
3.063512501587579777e+02
3.064499457246139400e+02
3.066159247492997793e+02
3.067434574077538514e+02
3.066118597894728168e+02
3.065271774786533570e+02
3.066300842028013562e+02
3.066071417100556005e+02
3.066155113642023480e+02
3.066152392893274623e+02
3.065923784158770218e+02
3.064257429459622699e+02
3.066486101239833033e+02
3.067549391397350291e+02
3.067958666608488443e+02
3.069851914460437001e+02
3.071234994146047939e+02
3.074007159162260336e+02
3.076029957235752477e+02
3.075278838489719533e+02
3.075420464705591144e+02
3.075209023648303628e+02
3.074488702813977170e+02
3.076310198126044497e+02
3.074631376997230632e+02
3.073659236858759982e+02
3.074783637798580003e+02
3.076981408775258728e+02
3.074438728843204558e+02
3.075620454311344361e+02
3.076521448371350402e+02
3.078283445969418608e+02
3.077382862901334875e+02
3.077309573276220362e+02
3.074609094459643188e+02
3.075261079082230822e+02
3.076774552538321359e+02
3.076415280178253511e+02
3.075725008698772740e+02
3.074656209873601256e+02
3.075858621890329800e+02
3.074585956252906271e+02
3.075154921613273018e+02
3.076298808284212214e+02
3.078365163428393316e+02
3.078616353902161222e+02
3.078330551671012358e+02
3.080391148154339476e+02
3.078138831661334507e+02
3.077346985996583726e+02
3.076139188127430089e+02
3.077918962267339111e+02
3.078229507228180637e+02
3.076679028916763059e+02
3.076896440124448304e+02
3.075537833448502738e+02
3.075993157737485149e+02
3.076462011895076785e+02
3.075759917727913830e+02
3.077967317742472346e+02
3.077821946286202888e+02
3.076721679567684760e+02
3.077732463868348987e+02
3.076710162322137876e+02
3.077905848521264716e+02
3.077690681552007277e+02
3.077023563444446950e+02
3.077651396536351740e+02
3.079246842430222841e+02
3.077702120307894234e+02
3.076993814894515253e+02
3.076927846715284431e+02
3.076698450134358609e+02
3.076314771996268291e+02
