1.099129957278150584e+02
1.180400391399927287e+02
7.574185177657987822e+01
5.203475750644741993e+01
6.685777013756553799e+01
7.827500135343360910e+01
9.073403191863300776e+01
9.874803718058990398e+01
1.045258899079528305e+02
7.988947596981942922e+01
5.654707017368677668e+01
5.756471770744589378e+01
6.232740089496924440e+01
6.819482686737016763e+01
7.410760707967691019e+01
7.944658644747589449e+01
8.451824574607468321e+01
8.879054997132675453e+01
9.300594700761500633e+01
9.436563426998077375e+01
9.651805988175556195e+01
1.007741619346275712e+02
1.062145132641270493e+02
1.107204763207086842e+02
1.089328964163924809e+02
1.055086752955385236e+02
9.983575329594060577e+01
8.539192972224317657e+01
7.487925642213774324e+01
7.554573244937880361e+01
7.897676065320264627e+01
8.265521285318048683e+01
8.587956906376474819e+01
8.910181917802131579e+01
9.226732137692607694e+01
9.524118021543607426e+01
9.770724801472830734e+01
1.002038261205791514e+02
1.022560504325115147e+02
1.045354298564724047e+02
1.063817039284631107e+02
1.084447732311105455e+02
1.101514481388100961e+02
1.121463356552586390e+02
1.136507080042006805e+02
1.148145747733171902e+02
1.161071660548311115e+02
1.129160865306489256e+02
1.048885024554751340e+02
9.445265192844667013e+01
8.651907044231580812e+01
7.861578163404145414e+01
7.797810009127842079e+01
7.950786509116471734e+01
8.137624687567334547e+01
8.352957267413704301e+01
8.567248051467366565e+01
8.810625772285696655e+01
9.030305735114102106e+01
9.245154391358634882e+01
9.421689309073461516e+01
9.597701859630305421e+01
9.760867713035783311e+01
9.884039990046349544e+01
1.003248120866807227e+02
1.010687207661982541e+02
1.017143012087658747e+02
1.024668267039444913e+02
1.029417108990609790e+02
1.034666021265214653e+02
1.030845468291484224e+02
1.033283080088200592e+02
1.032959929117244400e+02
1.035200340617299304e+02
1.040164191710962172e+02
1.038805453735771067e+02
1.035564938613102584e+02
1.026221514319846193e+02
1.003303884227602651e+02
9.682228911819736084e+01
9.204588875489911004e+01
8.827430311264801333e+01
8.418718942860978416e+01
7.958977511237286251e+01
7.794466712380446438e+01
7.793694610490378238e+01
7.791771094556092692e+01
7.786796200550296021e+01
7.776714770312838709e+01
7.814047530438740807e+01
7.935880809487598242e+01
8.044412232003199392e+01
8.148799748401114584e+01
8.257224882669632393e+01
8.361374568141599184e+01
8.452271198073830760e+01
8.547471585808334282e+01
8.656190418994796687e+01
8.775813528115197926e+01
8.865744097019882020e+01
8.967682114487286071e+01
9.067439079203603569e+01
9.171267805439123322e+01
9.293264965971334846e+01
9.370378634826747088e+01
9.462222613087804746e+01
9.531365224334618347e+01
9.620376878007819244e+01
9.652976781748169799e+01
9.698409502001436522e+01
9.760856430261149796e+01
9.811003173727607418e+01
9.875743555301025367e+01
9.885697594078915529e+01
9.924951387358672150e+01
9.943660705102499264e+01
9.962600166268167357e+01
9.983274370599329472e+01
1.002521545985016047e+02
1.004820544171582668e+02
1.007124349427490273e+02
1.008084589028918003e+02
1.009495527760152953e+02
1.009326001325267868e+02
1.007628850326031085e+02
9.966735413015958045e+01
9.934563951171841722e+01
9.964361810170143485e+01
9.992932860787173865e+01
1.001011608859574267e+02
1.000495376395519713e+02
9.997522928534222331e+01
9.958841528708137503e+01
9.953819535227317772e+01
9.888592194263043211e+01
9.778427131337863898e+01
9.713013739471024621e+01
9.714123916001642556e+01
9.714123916001706505e+01
9.714123919363318294e+01
9.714123946153948452e+01
9.714124027249395965e+01
9.714132585355319804e+01
9.714135606582055971e+01
9.714159579076107320e+01
9.714192219204447554e+01
9.714240794892185704e+01
9.714538708445076054e+01
9.714774097197005176e+01
9.715797159014535112e+01
9.717084272508560616e+01
9.718698023813956866e+01
9.721400407557904089e+01
9.725388977872638918e+01
9.730055068456124445e+01
9.737606491522896590e+01
9.752724636906893352e+01
9.772156772122575319e+01
9.789526238476621245e+01
9.815124430489493079e+01
9.851969427230349652e+01
9.892403004590100579e+01
9.943593609930444188e+01
1.000599199313818133e+02
1.007546353381250555e+02
1.012990133087679681e+02
1.020143260190780410e+02
1.027862088260446853e+02
1.034690860874085274e+02
1.042225302152637170e+02
1.051192862256434495e+02
1.058055462567259752e+02
1.065610018566930535e+02
1.072766128570748236e+02
1.079312222610508769e+02
1.086588292212031064e+02
1.093802125024925118e+02
1.099040761009377718e+02
1.105748168069460178e+02
1.110832670420138584e+02
1.117993234617517118e+02
1.124511172267427952e+02
1.131256143414169344e+02
1.137035759748223995e+02
1.143217859851373248e+02
1.149189620174520172e+02
1.154386166035299937e+02
1.159744379092811357e+02
1.165256386127308303e+02
1.170512635606933571e+02
1.175895253139872096e+02
1.180905980666823467e+02
1.186845174258141924e+02
1.191404111178754306e+02
1.194623083395673007e+02
1.199164483147741720e+02
1.204587640714120198e+02
1.209945853173152130e+02
1.214507983531467943e+02
1.219155839153099237e+02
1.223664940002122421e+02
1.227310323513584649e+02
1.230227311166609780e+02
1.234575137643330578e+02
1.239036173363048619e+02
1.242672630175412536e+02
1.246715808317365202e+02
1.251529471418308361e+02
1.255196341747369360e+02
1.259944949778409153e+02
1.264029601567347640e+02
1.268998901906713854e+02
1.273662464098407554e+02
1.276625378892046143e+02
1.279639155082518300e+02
1.280514566210972589e+02
1.282784110082085931e+02
1.284655935349721858e+02
1.286792040445386931e+02
1.289250369023408496e+02
1.290683994072659289e+02
1.293921140854188820e+02
1.297212375679326897e+02
1.298409235011018268e+02
1.300384975714606526e+02
1.299792964872335119e+02
1.300722220241268019e+02
1.301834026037784611e+02
1.302424741688352299e+02
1.298944789646973277e+02
1.301518683166321182e+02
1.304343149431923905e+02
1.304036712414997510e+02
1.304160687271062784e+02
1.304492081967682680e+02
1.307104939158257935e+02
1.309813811371619749e+02
1.307367641468561601e+02
1.303791946075728276e+02
1.300947793991476544e+02
1.294680544055608493e+02
1.285427524012355036e+02
1.271454576144525674e+02
1.254139828339080225e+02
1.238360277342686544e+02
1.220859222495445096e+02
1.201712841260464870e+02
1.180698071677267222e+02
1.152183103015172350e+02
1.123192991111963579e+02
1.097056969584058379e+02
1.096668976774382145e+02
1.097431904514406256e+02
1.098378196674486844e+02
1.099813815374140091e+02
1.101832582592581389e+02
1.103678350341595262e+02
1.106247994655140587e+02
1.108651645432369861e+02
1.111220209645230597e+02
1.114381157557337190e+02
1.117188952386358238e+02
1.119958122495915518e+02
1.122592351408460871e+02
1.125524036875040110e+02
1.128279948663019354e+02
1.131388810177307107e+02
1.134339982365086144e+02
1.137233944712264417e+02
1.140520918489312692e+02
1.144102609799955985e+02
1.146831344013395579e+02
1.149582638928197298e+02
1.152840192803057420e+02
1.156020609631537184e+02
1.158828480313369198e+02
1.162412159706319983e+02
1.165381263845267625e+02
1.168344112854471604e+02
1.171447856507276413e+02
1.174435153489256294e+02
1.177003074694706868e+02
1.179399420798291800e+02
1.182092821669127574e+02
1.184899491024375493e+02
1.188011456657923759e+02
1.191424302592006654e+02
1.194445198988180294e+02
1.196899324888079263e+02
1.199658167930433308e+02
1.202412556404304240e+02
1.205196790171407173e+02
1.207808060798382854e+02
1.210721719069016871e+02
1.213390218533455425e+02
1.216575326782182458e+02
1.219436816236524805e+02
1.222303677332862435e+02
1.224410364471839188e+02
1.227019315060018130e+02
1.229624241723544742e+02
1.232292528847522988e+02
1.235093137783701280e+02
1.237415942739345240e+02
1.239773058200048155e+02
1.242426280965045038e+02
1.244973523589872428e+02
1.247551093601303052e+02
1.249822303133914403e+02
1.252437605510895224e+02
1.254982855590377255e+02
1.257391917694318551e+02
1.259711592349080718e+02
1.261707232327455159e+02
1.264192443812322324e+02
1.266392928347360396e+02
1.268932330693859569e+02
1.271391315494235386e+02
1.273810732343558527e+02
1.276165302699157849e+02
1.278240028190111133e+02
1.280704156304933861e+02
1.282596576476626922e+02
1.284847455119721360e+02
1.287168770203879262e+02
1.288152530902523552e+02
1.290200828251776954e+02
1.292574059093280425e+02
1.294746387513905290e+02
1.296509918622616624e+02
1.297961949713944136e+02
1.300133649491525887e+02
1.301479505530113840e+02
1.302863472426374187e+02
1.304908659693264781e+02
1.306105523310119452e+02
1.307694114699166903e+02
1.309745076548421707e+02
1.311873408728829133e+02
1.313059787873553432e+02
1.314655619109065299e+02
1.315959180925143812e+02
1.317387608883632026e+02
1.318750463798539272e+02
1.319901695732780524e+02
1.321058921264975083e+02
1.322287602088771905e+02
1.323917403948370577e+02
1.324153353554816590e+02
1.325740014504851843e+02
1.328305516025170903e+02
1.327703463494675304e+02
1.327742040776589647e+02
1.329781039977806358e+02
1.330673029945236578e+02
1.332526946614497660e+02
1.333130754741820851e+02
1.334334708976557806e+02
1.335809791891515488e+02
1.337291003719547291e+02
1.337377189191543891e+02
1.338032161313443851e+02
1.335769009180413889e+02
1.334514040685432121e+02
1.334887008275162543e+02
1.335437008269121293e+02
1.335572290966573803e+02
1.335258503340162690e+02
1.336452417740317458e+02
1.337737689601603108e+02
1.339437696320734403e+02
1.339721796534319651e+02
1.340720744000269633e+02
1.341177495016020771e+02
1.342257375299184048e+02
1.342319435356447741e+02
1.343578630601590191e+02
1.345767708057132381e+02
1.344829372088712205e+02
1.345880982444040797e+02
1.346725485852668953e+02
1.347146346086230437e+02
1.342601951567695835e+02
1.336134970663497370e+02
1.326447893491081231e+02
1.312809915028469163e+02
1.302285958597611568e+02
1.291159725477719746e+02
1.276159416931180886e+02
1.258884824647158922e+02
1.239114338509683932e+02
1.225478100443686458e+02
1.214874697862429969e+02
1.216681677916361650e+02
1.218551784246065210e+02
1.220740177051303874e+02
1.222479150904294016e+02
1.224615568757605786e+02
1.226339002900382553e+02
1.228220345635490105e+02
1.230029505015171623e+02
1.231619813367902481e+02
1.233391456092654295e+02
1.235486067608202063e+02
1.237322165897492567e+02
1.239017659479729900e+02
1.240909074374266083e+02
1.242598658311295026e+02
1.244392599918185738e+02
1.246608061167853236e+02
1.248382086021441495e+02
1.250551096713414836e+02
1.252263631845593039e+02
1.254314314689859202e+02
1.256286334282947195e+02
1.258259651024486772e+02
1.259816290204570635e+02
1.261664153962830994e+02
1.263498283182059509e+02
1.265735326881399061e+02
1.267573245060143989e+02
1.269067812087699565e+02
1.270648307290978636e+02
1.272095527413931961e+02
1.273854091549332992e+02
1.275800384587382581e+02
1.276898423464169667e+02
1.278308102382685831e+02
1.279988349274471489e+02
1.281372188391089537e+02
1.282762898031858754e+02
1.284031151044871137e+02
1.285483567121460453e+02
1.286643953012730037e+02
1.288068858608141909e+02
1.289965099689713384e+02
1.291549075523653300e+02
1.292885191371641156e+02
1.294322126964436279e+02
1.295751956066974913e+02
1.297624149359585317e+02
1.298917046617160338e+02
1.300228974409227760e+02
1.301076518047798345e+02
1.302434240424225891e+02
1.303212304353604907e+02
1.304831692299648012e+02
1.305872367078843013e+02
1.306405546407366955e+02
1.307884074817658302e+02
1.309101700954140597e+02
1.310230098412951918e+02
1.311564669541537853e+02
1.312823191592239311e+02
1.314436984007317051e+02
1.316003092146787026e+02
1.315646102330922531e+02
1.316688967164205621e+02
1.318192160825356041e+02
1.319418179216851286e+02
1.319743527567359251e+02
1.320878256760730665e+02
1.322072136690628099e+02
1.322530617679712464e+02
1.323484883024232772e+02
1.323759237642551057e+02
1.324329554547945236e+02
1.324597164965478271e+02
1.325472433677107631e+02
1.325803664943658191e+02
1.326888084695922316e+02
1.328065041138144409e+02
1.329311926069206038e+02
1.330443674079189691e+02
1.331317537502323773e+02
1.332266775381490618e+02
1.332841100513081187e+02
1.332975830197933078e+02
1.332689680411027098e+02
1.333985936859745038e+02
1.335115341973800867e+02
1.336296472132194424e+02
1.334516544606066191e+02
1.336312311342565522e+02
1.336889443775005191e+02
1.336508133708463504e+02
1.337415090034250511e+02
1.337963483066218373e+02
1.338939083148735563e+02
1.340133048310253798e+02
1.341211889849655563e+02
1.341881554863289523e+02
1.341600406340957647e+02
1.341426252478386800e+02
1.340936289838424500e+02
1.341831891429509938e+02
1.342453577369449533e+02
1.343823355637164241e+02
1.343369151862833917e+02
1.343411436884161674e+02
