-2.771627670737858011e+02
-3.330162911958933591e+02
-3.747095232032455101e+02
-2.956026668440724734e+02
-1.918090848570312801e+02
-1.321415098685179430e+02
-8.614325720021429333e+01
-4.904842217095408330e+01
-1.776943545440714445e+01
-1.701817945379868746e+00
-3.682779099044981308e+01
-6.443735985641735908e+01
-9.057087838147725734e+01
-1.127854288614809377e+02
-1.354096228723730917e+02
-1.463311434585002360e+02
-1.645467836283183090e+02
-1.831732907649897300e+02
-1.975043312581398425e+02
-2.145955143386939312e+02
-2.267378092097758895e+02
-2.394120467540892037e+02
-2.538708806764024075e+02
-2.663130956004459904e+02
-2.787968507425242706e+02
-2.866913343662182001e+02
-2.949240026504676848e+02
-2.948552557225654027e+02
-3.044858127145596995e+02
-3.139628844640209309e+02
-3.232636940493183033e+02
-3.322769485548002422e+02
-3.412578802478135458e+02
-3.491088322762531106e+02
-3.529856191080610870e+02
-3.610105061628776753e+02
-3.666710482906968309e+02
-3.727418119929789668e+02
-3.722126065037647891e+02
-3.758685812972743179e+02
-3.745877940893564073e+02
-3.736204443344732908e+02
-3.731393888304800157e+02
-3.734280542211514557e+02
-3.744377799032096164e+02
-3.711914633472030118e+02
-3.748387619938392277e+02
-3.736577242065418432e+02
-3.727263593358964613e+02
-3.642029800309637722e+02
-3.359288470041185519e+02
-3.116955987318546022e+02
-2.899490843903340647e+02
-2.727272147764919055e+02
-2.559011932287396007e+02
-2.410232068198158402e+02
-2.266126758615410210e+02
-2.143355720368635957e+02
-2.014237179322906570e+02
-1.888678273120025892e+02
-1.801588932938169876e+02
-1.712595197887502820e+02
-1.646626430785102286e+02
-1.646626284399105487e+02
-1.669401670827795670e+02
-1.725581491335636315e+02
-1.786522065443188012e+02
-1.843390122771542394e+02
-1.902963229452936957e+02
-1.946898515195796620e+02
-1.993790353962030508e+02
-2.042817127773014931e+02
-2.097399269682868805e+02
-2.142089307766185300e+02
-2.177772122790742344e+02
-2.231148183296882905e+02
-2.275425535465978157e+02
-2.318388109598132303e+02
-2.341943009220477165e+02
-2.341919092499391581e+02
-2.366112570951435146e+02
-2.386576380902140215e+02
-2.427179733056685791e+02
-2.474357889609884467e+02
-2.511079179996108053e+02
-2.547897996829958629e+02
-2.592372509353455143e+02
-2.628719872036899687e+02
-2.674290720515959947e+02
-2.711803353098679281e+02
-2.724157994717544398e+02
-2.724127799491167252e+02
-2.766381327407968342e+02
-2.794630974375813253e+02
-2.830390089683738779e+02
-2.867564393869282640e+02
-2.909358485671063477e+02
-2.930504625142827990e+02
-2.961904971007820109e+02
-2.993454695578406586e+02
-3.021967900283991071e+02
-3.058872715041676429e+02
-3.092399385145712358e+02
-3.117276134685237139e+02
-3.148161607344555932e+02
-3.181396677081854705e+02
-3.214261644960847661e+02
-3.244274913642944966e+02
-3.273350989420609949e+02
-3.302118711868951095e+02
-3.331926843116611963e+02
-3.360857697019413877e+02
-3.387608383757619208e+02
-3.405425294000703502e+02
-3.424168242337725587e+02
-3.424151498983879378e+02
-3.424117998841871895e+02
-3.411274137683904542e+02
-3.334423789000568945e+02
-3.210761247109795704e+02
-3.126101573489629004e+02
-3.099100177555852724e+02
-3.011221892417212302e+02
-2.892250453994273016e+02
-2.749494944442176347e+02
-2.604979041842998981e+02
-2.602751688885434760e+02
-2.622351429356965014e+02
-2.659347055530299713e+02
-2.686476710472070977e+02
-2.713622568489986406e+02
-2.739375007422313502e+02
-2.764330393448792620e+02
-2.794856223490534148e+02
-2.812346949986984441e+02
-2.840999121962936442e+02
-2.866362649700713519e+02
-2.887174894693922624e+02
-2.887166507418114065e+02
-2.898231757222348506e+02
-2.922448059628179067e+02
-2.942204056372485752e+02
-2.965629490046316050e+02
-2.989285471452057550e+02
-3.012444127432070786e+02
-3.033302614297315927e+02
-3.052161229035942824e+02
-3.078155333093173454e+02
-3.097844471061734453e+02
-3.122146211029007645e+02
-3.144591538926508747e+02
-3.168150572007031087e+02
-3.192735498964099179e+02
-3.210579763422768451e+02
-3.227518879624944361e+02
-3.250595142155831354e+02
-3.271996382891951498e+02
-3.294415501513407207e+02
-3.311673314960712560e+02
-3.325938263928953234e+02
-3.344162276881074831e+02
-3.360369134097321080e+02
-3.381002517383086570e+02
-3.390663143956892327e+02
-3.390654569906964184e+02
-3.406517470837006840e+02
-3.426947604359260140e+02
-3.444031133108782683e+02
-3.458691597772161685e+02
-3.458422218253181768e+02
-3.440631887280761703e+02
-3.414786490240469448e+02
-3.411620269296770402e+02
-3.394853682279614304e+02
-3.274492560031236508e+02
-3.259203930830307741e+02
-3.259197356491862934e+02
-3.258965565402858147e+02
-3.267255637671883619e+02
-3.288957491851116401e+02
-3.308488553951224844e+02
-3.325197057534174405e+02
-3.343875401385922714e+02
-3.363022021694212071e+02
-3.379458115612366100e+02
-3.391796244350605889e+02
-3.412123980286711458e+02
-3.434530210073928060e+02
-3.450028757609978811e+02
-3.465191365383375341e+02
-3.479212186592230864e+02
-3.493250877585753642e+02
-3.506897824120744644e+02
-3.518943703570559478e+02
-3.534174795168940477e+02
-3.550961126705848869e+02
-3.565305016670533291e+02
-3.573465171168427332e+02
-3.583355174698360770e+02
-3.591963231502351732e+02
-3.606950096165394370e+02
-3.620768191005576000e+02
-3.631919589444822805e+02
-3.646117259031316280e+02
-3.654003693164372066e+02
-3.655772907216225462e+02
-3.664225914158903947e+02
-3.668104698324107744e+02
-3.678051580693876872e+02
-3.686161844189811063e+02
-3.689947096697578672e+02
-3.700920806385498167e+02
-3.704762167694416348e+02
-3.702904949239321581e+02
-3.706197166330842379e+02
-3.715362269099779837e+02
-3.720896267629603926e+02
-3.718280563853140848e+02
-3.723297283892876521e+02
-3.727985974478999651e+02
-3.719103045364512923e+02
-3.706836010480404866e+02
-3.713430378322218530e+02
-3.719387820469260078e+02
-3.721048711134403675e+02
-3.721212693556671525e+02
-3.726353076327850999e+02
-3.725028890675682760e+02
-3.726421787531937753e+02
-3.728711230047397294e+02
-3.726421805303701262e+02
-3.734494225557630216e+02
-3.727694828035370165e+02
-3.730943742631254167e+02
-3.723604487866791715e+02
-3.723767481230117937e+02
-3.719565087457424966e+02
-3.719565079047035283e+02
-3.719563030227757281e+02
-3.719542390971132022e+02
-3.719233784875631841e+02
-3.718781775594314922e+02
-3.716831331349072798e+02
-3.713058621896085469e+02
-3.705100420957506913e+02
-3.690773375937386618e+02
-3.665810763163301544e+02
-3.635738589160964125e+02
-3.594825763818913629e+02
-3.547089784184699397e+02
-3.489962639073294213e+02
-3.444340389394903923e+02
-3.389875887193924200e+02
-3.335336821134247884e+02
-3.292746045326688886e+02
-3.243603683369703958e+02
-3.188170831901039151e+02
-3.149278553256739883e+02
-3.114127354950243785e+02
-3.086643629091757361e+02
-3.049352383738463459e+02
-3.014492976032332763e+02
-2.975819802990002927e+02
-2.933762490900221565e+02
-2.891656893905549737e+02
-2.851465604712524282e+02
-2.818506758504568666e+02
-2.781003151902814352e+02
-2.740423693240721263e+02
-2.708005188419658680e+02
-2.678474475918229132e+02
-2.640841125214726048e+02
-2.638381054255289087e+02
-2.614282524118713695e+02
-2.582742947516040886e+02
-2.541248680639445467e+02
-2.503772627780712696e+02
-2.470337620909173495e+02
-2.435190623793792497e+02
-2.402308688288109977e+02
-2.376097865999331589e+02
-2.348147527326597981e+02
-2.318920705966630749e+02
-2.289892326277729353e+02
-2.261050448969974127e+02
-2.232769843062840494e+02
-2.222085712641813871e+02
-2.235332713025985925e+02
-2.249452343576991495e+02
-2.261456115105812898e+02
-2.276156936371203301e+02
-2.289610809090594330e+02
-2.291958064951952565e+02
-2.291958064550263998e+02
-2.291957977771658079e+02
-2.291957960006639041e+02
-2.291957944087189674e+02
-2.305266031124422170e+02
-2.317182812271375951e+02
-2.320727987764778391e+02
-2.320727987091175351e+02
-2.320727871481210798e+02
-2.328237918783440819e+02
-2.341612627811481389e+02
-2.355545427908124054e+02
-2.368999972084010608e+02
-2.380143388632701260e+02
-2.394572710654348953e+02
-2.399225162720402977e+02
-2.408569188017915508e+02
-2.420765935523961616e+02
-2.435304355028768271e+02
-2.449198896797358032e+02
-2.461646973713493196e+02
-2.475972901009216400e+02
-2.487692019542612059e+02
-2.498971484900937696e+02
-2.512760477347732717e+02
-2.523793923200691154e+02
-2.531000268843134222e+02
-2.534611102182471427e+02
-2.546143823907683839e+02
-2.558016797728254517e+02
-2.570028645081058585e+02
-2.580283334069355874e+02
-2.588812372493420639e+02
-2.602080241181419069e+02
-2.614369872186928774e+02
-2.626190285752390992e+02
-2.638824854542854723e+02
-2.641013195798329889e+02
-2.653154190599940421e+02
-2.664688457782972932e+02
-2.674606142428200428e+02
-2.683949536542844498e+02
-2.697870204252981239e+02
-2.708405336502925707e+02
-2.719880201167509313e+02
-2.730601093824022882e+02
-2.742437018775768820e+02
-2.756031146435736332e+02
-2.764716862628008016e+02
-2.777073142634455962e+02
-2.787361502286230461e+02
-2.797054021725288635e+02
-2.807955957383958889e+02
-2.816911108433572508e+02
-2.828050294301162921e+02
-2.837239121401856323e+02
-2.849139390257387845e+02
-2.857970211327031507e+02
-2.868276247873751572e+02
-2.879175915229596399e+02
-2.890704544080159621e+02
-2.898891977482352331e+02
-2.900490553859445981e+02
-2.909515734449440743e+02
-2.921183589264176703e+02
-2.932012144332242656e+02
-2.941235129339461878e+02
-2.950095145322023313e+02
-2.960022977990041113e+02
-2.970035299411439382e+02
-2.970035043345837948e+02
-2.973841096637161172e+02
-2.984889702248409549e+02
-2.996499459759509136e+02
-3.005576516650778558e+02
-3.006417710494180255e+02
-3.009524831247172187e+02
-3.019685436013068056e+02
-3.029549635437653592e+02
-3.039411147892979557e+02
-3.039411053429297453e+02
-3.039087415719679939e+02
-3.039087414501452145e+02
-3.039087107894608266e+02
-3.039049933584850578e+02
-3.038928600871037702e+02
-3.038684403142885344e+02
-3.037793125126454470e+02
-3.036887524835946692e+02
-3.033755177940164458e+02
-3.028737690726826486e+02
-3.023518414767787021e+02
-3.017225222320166154e+02
-3.005997209032107094e+02
-2.992963593205662960e+02
-2.974045440649081797e+02
-2.949748402567338985e+02
-2.929050011683115144e+02
-2.906191480348691698e+02
-2.880102390091956863e+02
-2.855436970894238584e+02
-2.823080784681649789e+02
-2.786536186106437754e+02
-2.754221420588674505e+02
-2.726879700400036768e+02
-2.699201907176820896e+02
-2.673140717970438232e+02
-2.646740967843881549e+02
-2.619411070141637197e+02
-2.598473751978576161e+02
-2.571064923736257697e+02
-2.549287278891495134e+02
-2.525145232950413856e+02
-2.502964246518093887e+02
-2.480295789239707176e+02
-2.454007412340944256e+02
-2.427802759622825022e+02
-2.406783339446923549e+02
-2.383014890479198868e+02
-2.361717985242392785e+02
-2.342437216289551429e+02
-2.324987718945436654e+02
-2.307458414612049751e+02
-2.287890891157422288e+02
-2.268479946986311404e+02
-2.247708533028314832e+02
-2.227250611303022367e+02
-2.208037844016464248e+02
-2.190540451325953200e+02
-2.169477730585646214e+02
-2.147976833477388823e+02
-2.129659558648828295e+02
-2.112758262482671228e+02
-2.096345317509507140e+02
-2.083129123285850142e+02
-2.062949107250159102e+02
-2.047813043334730594e+02
-2.027906538208217455e+02
-2.010344783621353031e+02
-1.993757206500160635e+02
-1.977590118883926493e+02
-1.960131702448694000e+02
-1.941104969918005168e+02
-1.926877269921384652e+02
-1.912046506970360156e+02
-1.891679542180805527e+02
-1.874497462673065513e+02
-1.857025224459036394e+02
-1.843122294436061850e+02
-1.824686308378297497e+02
-1.818913894571491312e+02
-1.818913888157426584e+02
-1.818913886569013414e+02
-1.818913876237172929e+02
-1.818913875252507353e+02
-1.825811532268924111e+02
-1.836202884956141475e+02
-1.846347677214358498e+02
-1.856289466128311005e+02
-1.864281124247872015e+02
-1.875518490986417248e+02
-1.884172379343926025e+02
-1.893831957440687290e+02
-1.901671676343070203e+02
-1.911219925349543587e+02
-1.921095896819996085e+02
-1.931562638890396215e+02
-1.942220539285352174e+02
-1.951599215834650067e+02
-1.960558317521146705e+02
-1.969812488276484430e+02
-1.975150322472219386e+02
-1.975150312965088233e+02
-1.975150304253155298e+02
-1.980989833439960250e+02
-1.991365236939531940e+02
-2.000164803434344947e+02
-2.008828152264365485e+02
-2.018619009406428120e+02
-2.025318635040167123e+02
-2.033720074763210164e+02
-2.043004711124167159e+02
-2.052422620656416825e+02
-2.059665770261165960e+02
-2.062525564707070487e+02
-2.062525112038935049e+02
-2.070273950685424040e+02
-2.078486669552774231e+02
-2.087214956904094549e+02
-2.096346473809815905e+02
-2.103712794858869586e+02
-2.113101135313868326e+02
-2.122011401139050690e+02
-2.130690184026648524e+02
-2.137797861848526964e+02
-2.145344188196034452e+02
-2.148197514332950107e+02
-2.157615694322833235e+02
-2.166560020830790734e+02
-2.174734020022065408e+02
-2.183909952809468962e+02
-2.193484415315115825e+02
-2.203233538737396202e+02
-2.210397571186199173e+02
-2.218505186525064232e+02
-2.226669688232906026e+02
-2.235127006916341657e+02
-2.243021090692169537e+02
-2.251955301859453300e+02
-2.260413550131548845e+02
-2.267597659068991618e+02
-2.273818953000199485e+02
-2.273818948196895633e+02
-2.278666100466403179e+02
-2.286759103778022393e+02
-2.291751128242110838e+02
-2.297781363984722134e+02
-2.305502847047308137e+02
-2.314573555245205512e+02
-2.322453940720972128e+02
-2.330171349890702004e+02
-2.339339499394079667e+02
-2.347063532253567928e+02
-2.354976697383575015e+02
-2.362889903760717232e+02
-2.369975180952337439e+02
-2.379248462014530219e+02
-2.387022654625844496e+02
-2.395198564036187463e+02
-2.402845055710249653e+02
-2.409081019962632411e+02
-2.418179790343552042e+02
-2.418364462289065386e+02
-2.419873598085797255e+02
-2.419873561222313469e+02
-2.419873525437408546e+02
-2.422640220292094000e+02
-2.431230179616921987e+02
-2.439186785408808475e+02
-2.446949657177267170e+02
-2.453527852766497119e+02
-2.462563950045513650e+02
-2.470867812248512791e+02
-2.478293757969655928e+02
-2.485811040874493756e+02
-2.494586275869620522e+02
-2.501468255272533554e+02
-2.509533575428298491e+02
-2.516709467977171073e+02
-2.524106012521660887e+02
-2.531961295253249205e+02
-2.539081755457524423e+02
-2.546554206487295176e+02
-2.548974850712021976e+02
-2.548973582004297498e+02
-2.548972778106997055e+02
-2.548972731939994674e+02
-2.548972575098813991e+02
-2.548972184336941496e+02
-2.547423072557428156e+02
-2.544079405458054453e+02
-2.540226864967163181e+02
-2.534377445205559809e+02
-2.530742450172494955e+02
-2.520877603745972237e+02
-2.507211298320855803e+02
-2.494104855729065378e+02
-2.481328301721924277e+02
-2.469314791605503672e+02
-2.451109829602636125e+02
-2.437853114115449102e+02
-2.415307351105764155e+02
-2.394565326411374429e+02
-2.371485923904020581e+02
-2.346771886306722763e+02
-2.329969519587335469e+02
-2.309902059780779950e+02
-2.287747327480364277e+02
-2.262994399722685728e+02
-2.255512976177050177e+02
-2.234343436718529290e+02
-2.210838872444653020e+02
-2.203981070442549992e+02
-2.208285334528511612e+02
-2.213108865718870106e+02
-2.220227722079588375e+02
-2.227260367274429029e+02
-2.234229206498672227e+02
-2.242661095237826316e+02
-2.249837790051636546e+02
-2.249837743027943304e+02
-2.252819404357609017e+02
-2.260326157488892989e+02
-2.268042914144145072e+02
-2.275388802539836206e+02
-2.283923444824810645e+02
-2.291900432040138753e+02
-2.298292789769578519e+02
-2.305652604246909334e+02
-2.313441461924993234e+02
-2.320929704497780222e+02
-2.328022133141475933e+02
-2.336015935299555224e+02
-2.343618269554792732e+02
-2.349779620869158521e+02
-2.356751182756767662e+02
-2.363816302901677773e+02
-2.370600900963485742e+02
-2.375422052622001559e+02
-2.383468132660575236e+02
-2.390340247018006323e+02
-2.397790022761730597e+02
-2.403741075164627432e+02
-2.410312562593207417e+02
-2.416416107014063073e+02
-2.423695877477622105e+02
-2.430713274205085952e+02
-2.435881321784048907e+02
-2.442479390099991292e+02
-2.448727090280359562e+02
-2.455656189507346596e+02
-2.457829793120344277e+02
-2.457829786309440294e+02
-2.457829785669306375e+02
-2.457829711092121840e+02
-2.461426276343881625e+02
-2.466035921533494104e+02
-2.472059146265476670e+02
-2.477326945582709641e+02
-2.484389256986011105e+02
-2.491791392767025854e+02
-2.498722470978597698e+02
-2.505347896995710926e+02
-2.511217914581415300e+02
-2.517865567155206179e+02
-2.524286808217495661e+02
-2.531196219829741096e+02
-2.537944583901610827e+02
-2.543883618473457773e+02
-2.551197649726391887e+02
-2.557626377891901939e+02
-2.564650985821534164e+02
-2.571096450475389474e+02
-2.577081663823207123e+02
-2.583614719308355916e+02
-2.590944538437254323e+02
-2.596733484182689722e+02
-2.602073406733348975e+02
-2.606762936696283077e+02
-2.608722875005177571e+02
-2.614396057456806375e+02
-2.619292673903779018e+02
-2.625792680167551794e+02
-2.631751972797742383e+02
-2.637182282551719368e+02
-2.644366871944923219e+02
-2.650073132329582677e+02
-2.654438534474365952e+02
-2.660472384210395376e+02
-2.667248091128146825e+02
-2.673122431830090591e+02
-2.678893263659230115e+02
-2.684682984706841467e+02
-2.686361324398818624e+02
-2.692800483684160326e+02
-2.697726115449619329e+02
-2.703747655635133924e+02
-2.709134953443231666e+02
-2.715457339702812760e+02
-2.720661013269009345e+02
-2.726351698677048603e+02
-2.733256818688017802e+02
-2.739046326986110671e+02
-2.743674314280876274e+02
-2.749601840613931927e+02
-2.755266025492160793e+02
-2.760138798850088051e+02
-2.767399730345464945e+02
-2.774054909974655061e+02
-2.779605033880082487e+02
-2.785323357821207537e+02
-2.790006256315938344e+02
-2.795000376433513338e+02
-2.799837078766929039e+02
-2.799837053631260346e+02
-2.803137009192990945e+02
-2.806294565389113700e+02
-2.806292638042597787e+02
-2.806287733890421237e+02
-2.808137853017984753e+02
-2.813879410310020148e+02
-2.819736180678021356e+02
-2.826093182718880144e+02
-2.830043845864452123e+02
-2.835504676414514620e+02
-2.840672749772958809e+02
-2.846830877200286523e+02
-2.852481816723130805e+02
-2.856826339271930806e+02
-2.863000168199594100e+02
-2.868328213363517420e+02
-2.874950738750108030e+02
-2.879997508131838231e+02
-2.885375077298117503e+02
-2.890523468454406952e+02
-2.895877758463253713e+02
-2.900952816802697498e+02
-2.905459486629439425e+02
-2.910737803509532000e+02
-2.915480323084718748e+02
-2.922047019303328170e+02
-2.928275200779971783e+02
-2.934311879501530598e+02
-2.938885256549901897e+02
-2.944675348068435028e+02
-2.951175088271645564e+02
-2.955779777225687894e+02
-2.959964905996916400e+02
-2.965608051060413004e+02
-2.970193910524865828e+02
-2.976411021990908239e+02
-2.980619251662581632e+02
-2.985785128846847556e+02
-2.991377592133279109e+02
-2.996074370139142502e+02
-2.998522694557072441e+02
-3.003465600313401751e+02
-3.008118868323821857e+02
-3.008118826770770511e+02
-3.008118826545534716e+02
-3.008118806173333155e+02
-3.008118786399662099e+02
-3.008118761736048441e+02
-3.008105014685090737e+02
-3.008104343267270906e+02
-3.008104122424086881e+02
-3.008103540796655011e+02
-3.007334285903007753e+02
-2.999631976646296039e+02
-2.989888699105923138e+02
-2.978039273880725091e+02
-2.966257585309836031e+02
-2.952228290704917981e+02
-2.936722133716272083e+02
-2.919771264386120606e+02
-2.906313540331997842e+02
-2.889628957277286077e+02
-2.874304179224766358e+02
-2.861073343823111372e+02
-2.842469256586163624e+02
-2.825332848722864014e+02
-2.810345617915630783e+02
-2.791329505766811963e+02
-2.774334139033679776e+02
-2.756493823846427063e+02
-2.740369793003317795e+02
-2.723737283652018846e+02
-2.709542637573465527e+02
-2.692281502869064411e+02
-2.677624770088012269e+02
-2.660459961653074288e+02
-2.646354344968906958e+02
-2.630507035665796138e+02
-2.615346658034923735e+02
-2.601983245809915388e+02
-2.589653713891376015e+02
-2.577288338071621183e+02
-2.564734921259827729e+02
-2.550705514935960707e+02
-2.538589180629061559e+02
-2.525789609698711047e+02
-2.511781338203965674e+02
-2.499428905845336146e+02
-2.487949016653722083e+02
-2.475792858205300888e+02
-2.462600835668823720e+02
-2.447990490997243000e+02
-2.436816707363425678e+02
-2.425684422745851521e+02
-2.412706657989748180e+02
-2.401915145966259502e+02
-2.391443571890658859e+02
-2.380147769570463652e+02
-2.368519251431859232e+02
-2.357484711127762864e+02
-2.346191417059736182e+02
-2.336015761813356448e+02
-2.322423441708854739e+02
-2.311720176829663274e+02
-2.301551488949627071e+02
-2.290361757410696839e+02
-2.279655766123919420e+02
-2.269757831119827642e+02
-2.258741414202822568e+02
-2.247638889847277994e+02
-2.237843881068595806e+02
-2.225515526300474392e+02
-2.216193196042162867e+02
-2.206970318649754574e+02
-2.194642888850765701e+02
-2.184497101376634305e+02
-2.176671042339218332e+02
-2.164883559387205310e+02
-2.155455042427281285e+02
-2.144802014447821534e+02
-2.141325955251508049e+02
-2.136580846084994505e+02
-2.133261214601643587e+02
-2.137763873191245239e+02
-2.143744084256021267e+02
-2.148822049738486442e+02
-2.153593838102245002e+02
-2.158596035867859655e+02
-2.164141090015597797e+02
-2.169929532628548543e+02
-2.172003226021826379e+02
-2.174556083638304926e+02
-2.180000668394364425e+02
-2.184702864602583645e+02
-2.188759723332429132e+02
-2.191445474508007010e+02
-2.196390801375542878e+02
-2.201949214014885001e+02
-2.207868626186792937e+02
-2.212866347649452621e+02
-2.217976294920811995e+02
-2.222360796249200803e+02
-2.226465634001464764e+02
-2.231712374157950762e+02
-2.237831216279648174e+02
-2.243267137334204904e+02
-2.247315521175360971e+02
-2.252142482701137567e+02
-2.257352137905447762e+02
-2.262215562378034406e+02
-2.267546816641494445e+02
-2.272886598103934830e+02
-2.277255312847109394e+02
-2.283610660190421697e+02
-2.289140564852487216e+02
-2.294550478039805341e+02
-2.300090574736822759e+02
-2.305365120054743215e+02
-2.310805615885938096e+02
-2.315792051896339387e+02
-2.320010485737237502e+02
-2.324902739383166761e+02
-2.330221074576930675e+02
-2.335130569055549472e+02
-2.338324002046523731e+02
-2.343887201806503526e+02
-2.349045347596358795e+02
-2.352771868896215324e+02
-2.357449930078776958e+02
-2.362034747984762078e+02
-2.367749277662224188e+02
-2.371734251245494534e+02
-2.376318038316294405e+02
-2.381757843216390995e+02
-2.384014479855657953e+02
-2.384014479731014262e+02
-2.384014475442513117e+02
-2.384014416027728203e+02
-2.384014385997905379e+02
-2.386233454952322290e+02
-2.390608347440164891e+02
-2.394292699409766385e+02
-2.398780856927220952e+02
-2.403436751567467127e+02
-2.408605009774756525e+02
-2.413340950394494371e+02
-2.418620131262726431e+02
-2.423118259643941883e+02
-2.423134573530559237e+02
-2.423134572486939362e+02
-2.424796625108239709e+02
-2.430143969311426986e+02
-2.432850048229714162e+02
-2.438103063494502578e+02
-2.443525351465252129e+02
-2.447452528675603673e+02
-2.449707936471287439e+02
-2.454612668584977939e+02
-2.459301022925507993e+02
-2.464458468061028782e+02
-2.468561902358473787e+02
-2.473173744595778487e+02
-2.477946467063638067e+02
-2.483451913865760901e+02
-2.487384112190281940e+02
-2.491873583933904399e+02
-2.496091710465307472e+02
-2.496655988222690326e+02
-2.497772522701062030e+02
-2.502428368451502365e+02
-2.506918106719469961e+02
-2.511812051387987026e+02
-2.516680463502030420e+02
-2.521766240292882628e+02
-2.526929492557073900e+02
-2.527669145811938449e+02
-2.527669093847237036e+02
-2.527669032661072777e+02
-2.531286515342900714e+02
-2.535917950484088124e+02
-2.540487390076812915e+02
-2.544738680194631115e+02
-2.549784637011885593e+02
-2.554463240173107010e+02
-2.558824215976034111e+02
-2.562940614288140182e+02
-2.567413309963629331e+02
-2.572461674134219152e+02
-2.577785227913224162e+02
-2.582284814109405033e+02
-2.586785697573624816e+02
-2.590972123034660513e+02
-2.595249241785590470e+02
-2.598641625456697284e+02
-2.601548558820879293e+02
-2.601548248282994109e+02
-2.605717126802501298e+02
-2.609614746714232751e+02
-2.613477253676967393e+02
-2.617344778165640378e+02
-2.621472267226911868e+02
-2.625476750625545606e+02
-2.625476616087990465e+02
-2.626500326051265120e+02
-2.630882808606433514e+02
-2.634930680563060150e+02
-2.638968135914424238e+02
-2.641954789596014734e+02
-2.641954175253919175e+02
-2.642859953600455469e+02
-2.646089109780722879e+02
-2.650643798743798243e+02
-2.653327518321896150e+02
-2.655885275777241077e+02
-2.660925242746963590e+02
-2.665245439178090123e+02
-2.670122224721856128e+02
-2.674934798593610594e+02
-2.678725980013049934e+02
-2.680450993234549060e+02
-2.680450174246232677e+02
-2.680448125174344796e+02
-2.680443315322996796e+02
-2.680433950830441745e+02
-2.680424299131479984e+02
-2.679465319951034417e+02
-2.678763633254593515e+02
-2.678748978948452759e+02
-2.678739382369503801e+02
-2.678696111677571707e+02
-2.679768651635141055e+02
-2.683277956269133711e+02
-2.687606662252742922e+02
-2.692288614439910930e+02
-2.696489563607780724e+02
-2.700193613862712141e+02
-2.705665477801778138e+02
-2.711068811447406688e+02
-2.711002098284774888e+02
-2.710987726960053692e+02
-2.710923912950784711e+02
-2.695094561462973388e+02
-2.674176637578833606e+02
-2.653086893900524501e+02
-2.631114183871238197e+02
-2.609718094724616435e+02
-2.591187801168343299e+02
-2.571040447619141673e+02
-2.551265746995296695e+02
-2.532336130755143131e+02
-2.515909900201664300e+02
-2.498039827508303290e+02
-2.481213895685483237e+02
-2.464079991677836574e+02
-2.449606851424253477e+02
-2.434126239486975862e+02
-2.420958827307615309e+02
-2.405539676519184695e+02
-2.391954056096999466e+02
-2.380378456133055920e+02
-2.366536782506323391e+02
-2.356322544470120874e+02
-2.345137432594945039e+02
-2.333281472816108817e+02
-2.321069045602137919e+02
-2.310540011296841953e+02
-2.299159211551370277e+02
-2.286273052352682669e+02
-2.276432350698123059e+02
-2.265406870016820449e+02
-2.254865756316298473e+02
-2.243190005820081296e+02
-2.233306927653027856e+02
-2.223438518968659707e+02
-2.213048769147038684e+02
-2.202927651746753668e+02
-2.195228466607617293e+02
-2.185930402675261348e+02
-2.176717273514142335e+02
-2.166606496737449561e+02
-2.156253748806610702e+02
-2.155462914184173258e+02
