-1.323441254571625905e+02
-8.072525319684159228e+01
-9.201883345428715444e+00
-1.546901083495002283e+01
-2.180886727652647750e+01
-2.328083762353156061e+00
-4.065994246511262133e+01
-7.552663391657938519e+01
-9.719065067377100320e+01
-1.203363546426413819e+02
-1.224179950024289667e+02
-1.218470707142428182e+02
-1.233725634963833784e+02
-1.222738325630253797e+02
-1.225304368023965935e+02
-1.232655808139322318e+02
-1.241159762389915358e+02
-1.241073506064645500e+02
-1.241073471000973569e+02
-1.241061227187266809e+02
-1.240261304065582380e+02
-1.221694659709585267e+02
-1.075454449043202061e+02
-9.124125512679975714e+01
-7.394909192387103758e+01
-5.908449251903181931e+01
-4.557591342330899664e+01
-3.326010434586405751e+01
-2.025568399880116743e+01
-8.054924454071969109e+00
2.383905871511583285e+00
1.265417501514279053e+01
2.280766784583977724e+01
3.123139358702913171e+01
4.012309534685131496e+01
4.791155281519448295e+01
5.554559361849953802e+01
6.341831768844727435e+01
7.010288576245983450e+01
7.834536491764134780e+01
8.416639523422540492e+01
9.036034434843379870e+01
9.709988207865977472e+01
1.031054063359742088e+02
1.093306712147870314e+02
1.150105805721177745e+02
1.203697953125841309e+02
1.253485850671097523e+02
1.311158188631385997e+02
1.366311414161314701e+02
1.421354012429258660e+02
1.462034191178868525e+02
1.514433428196662419e+02
1.558481210937655703e+02
1.601412293898683004e+02
1.645250225293096946e+02
1.689311732839009608e+02
1.739283883979889822e+02
1.776590251050935194e+02
1.820742931365875847e+02
1.865157060667690985e+02
1.903227690301754365e+02
1.944847482825095142e+02
1.980940080109951396e+02
2.016357933816574075e+02
2.051248701327503454e+02
2.083940303080318586e+02
2.126870971903791769e+02
2.161956758864260451e+02
2.191179621249171987e+02
2.222427640794911667e+02
2.222428009115762677e+02
2.222435393079606172e+02
2.223271128214606165e+02
2.225539657902199906e+02
2.229400139497111013e+02
2.239294304262873823e+02
2.248883607019684803e+02
2.267510743820070900e+02
2.288988913455760894e+02
2.312685853888724523e+02
2.338860072371589069e+02
2.366213635304338823e+02
2.390055862153828912e+02
2.422546254928792848e+02
2.448328659194218631e+02
2.472887660826752665e+02
2.495258099999440162e+02
2.516958927247052600e+02
2.530198850190609505e+02
2.545938934369770834e+02
2.563342563416198914e+02
2.575769951818570576e+02
2.585788284164272568e+02
2.588173673369348649e+02
2.595702540282997575e+02
2.604333481731904953e+02
2.602414792760707769e+02
2.608705555990712810e+02
2.611721532035225550e+02
2.627978996072164364e+02
2.624052544236852782e+02
2.629266662847593921e+02
2.628130306438592925e+02
2.615213924744988958e+02
2.615773812232388309e+02
2.615341128576677647e+02
2.616253078080217165e+02
2.620854553939974494e+02
2.619454697969571271e+02
2.606951781413849858e+02
2.607452322016860649e+02
2.608143947020354290e+02
2.610832934946359387e+02
2.621115581690932572e+02
2.620146448712146707e+02
2.623330686967408951e+02
2.625788199479696345e+02
2.636086464458713294e+02
2.635630595445417725e+02
2.632969307668726060e+02
2.627600289736367358e+02
2.631097717995450012e+02
2.634633904568657954e+02
2.623037139245982416e+02
2.605089950436483264e+02
2.607211798060438355e+02
2.604514606448042855e+02
2.608147456448763819e+02
2.613361281419627176e+02
2.612417625913178085e+02
2.610919952311971315e+02
2.615427366992683460e+02
2.621975916015197754e+02
2.629585303647982641e+02
2.632679981126726716e+02
2.638136942009283530e+02
2.633473229047740460e+02
2.636686247438556165e+02
2.634041111225308214e+02
2.633320845075245416e+02
2.631306323705620116e+02
2.636914971855148906e+02
2.634726546618923066e+02
2.637026581447483409e+02
2.634048130174976450e+02
2.620039964103970078e+02
2.620772183775574717e+02
2.620768953968242840e+02
2.620757060990021046e+02
2.620675900562536071e+02
2.620456918334054990e+02
2.620384149877646678e+02
2.617898779647200627e+02
2.610192376512544001e+02
2.578272612651867348e+02
2.506501228932158085e+02
2.439046830341005716e+02
2.409951768153167393e+02
2.305692845661458819e+02
2.303908827089973954e+02
2.303765058486579562e+02
2.250288620832330366e+02
2.162353106283989632e+02
2.077378187930505078e+02
1.993333105575295292e+02
1.917504540315487986e+02
1.859495947171732837e+02
1.797361784571589567e+02
1.720464411914876450e+02
1.658733920334126992e+02
1.603704663652501097e+02
1.566921251431905660e+02
1.566920842752508634e+02
1.510478491599892550e+02
1.464294331199190253e+02
1.407099824996928419e+02
1.358260607761799292e+02
1.305409152234886960e+02
1.259313505521094498e+02
1.211850277655576633e+02
1.211850277345978526e+02
1.211850276559798516e+02
1.211850276547981196e+02
1.211850274285537523e+02
1.211850238762843617e+02
1.167929778064553403e+02
1.119991427203963070e+02
1.070154685135215686e+02
1.026636561601789595e+02
9.841872405314703087e+01
9.392104294263563702e+01
8.995418844751506526e+01
8.973226857736287343e+01
8.973226809675685445e+01
8.973223338615441946e+01
8.973223338617032141e+01
8.973223321936546881e+01
8.973223296967475449e+01
8.960318453834200625e+01
8.450465904117615423e+01
8.055193847364596138e+01
7.670137498973390677e+01
7.280461796745584024e+01
6.900552015666126238e+01
6.521269798744168611e+01
6.453959910784885778e+01
6.454247637073808619e+01
6.459297740178182323e+01
6.465346594675135350e+01
6.480857382699106495e+01
6.502279666926273194e+01
6.536266552116974538e+01
6.571965537330717666e+01
6.609821305540442893e+01
6.689834261432929452e+01
6.771419509970596096e+01
6.875142132647322057e+01
6.969647385927723349e+01
7.134659270228637240e+01
7.278529395556735437e+01
7.409362763026419429e+01
7.566660872320871079e+01
7.743434570658195071e+01
7.903789049986866644e+01
8.066903298320056592e+01
8.263162343420188449e+01
8.427574713441373433e+01
8.630945890326006520e+01
8.841249956143795430e+01
9.063093983820647281e+01
9.246084742612478635e+01
9.451662459983236886e+01
9.621808078060516323e+01
9.805524192077693613e+01
9.996884106043330576e+01
1.019038888148357955e+02
1.035317662757740180e+02
1.053097407213154781e+02
1.069978666451071803e+02
1.086851137516440957e+02
1.103852803970648608e+02
1.117070674784763753e+02
1.132629577330515360e+02
1.148436173625239434e+02
1.160957597905880192e+02
1.178891891964666740e+02
1.192639258714393691e+02
1.207986347089052828e+02
1.221050427557303379e+02
1.235306550654068474e+02
1.247170209731114596e+02
1.259215732502873379e+02
1.271691756648973524e+02
1.285917065472365834e+02
1.300655552127711303e+02
1.314152198927512245e+02
1.327332027918126016e+02
1.340127697758768477e+02
1.352421177720714809e+02
1.366061002180826733e+02
1.381225557165012390e+02
1.392505764956506482e+02
1.401203082961538087e+02
1.415243237393744380e+02
1.427907781750645313e+02
1.442387572503982938e+02
1.451826675273063643e+02
1.461456175782193441e+02
1.473301470658958863e+02
1.484659373025154139e+02
1.492191280791263637e+02
1.492362599377889865e+02
1.492397625518148629e+02
1.492493313374453123e+02
1.493269658874131096e+02
1.493585232384883170e+02
1.494288683365815018e+02
1.495200846459606225e+02
1.496186039112052981e+02
1.496326436000901765e+02
1.496326232800139735e+02
1.496325069325095001e+02
1.496322530370130437e+02
1.474316256090708634e+02
1.431092239778933788e+02
1.389076270599111638e+02
1.345682927076802287e+02
1.311421352595833980e+02
1.274518590133435794e+02
1.237084877403969756e+02
1.202899109439149470e+02
1.174230009833941324e+02
1.139793119243776971e+02
1.108793870924850467e+02
1.087447728551729824e+02
1.087447728551763220e+02
1.087447728350699947e+02
1.087447726286903844e+02
1.087447710130585818e+02
1.087447679808763041e+02
1.087447660042733162e+02
1.087675823834768920e+02
1.088400145982245419e+02
1.090902911640155963e+02
1.093929066060990465e+02
1.097515152270443082e+02
1.101593245010850239e+02
1.107972535129128460e+02
1.115096468606186733e+02
1.123301874892817409e+02
1.132689269795508835e+02
1.142388593679776108e+02
1.150849982923065653e+02
1.160002373859167761e+02
1.170145674268886893e+02
1.180238198187572891e+02
1.190263716470976050e+02
1.200219463679052012e+02
1.213695527762028803e+02
1.223088768845369714e+02
1.232162405347542489e+02
1.241867327614889120e+02
1.251639013917862258e+02
1.259861470216178105e+02
1.269569665947422550e+02
1.280245136207205405e+02
1.289335242242810864e+02
1.301293302928919786e+02
1.309578611769384224e+02
1.317764561366636258e+02
1.326779716954295623e+02
1.334746685406248332e+02
1.347511352537786706e+02
1.358695463157840209e+02
1.368484139968237798e+02
1.380083074524747815e+02
1.389394524035712948e+02
1.397781700214270018e+02
1.407100103849610093e+02
1.414427108738247227e+02
1.423523885210232152e+02
1.432186538535896432e+02
1.440462407374528198e+02
1.447508870589231265e+02
1.454324244911848893e+02
1.463275030971983597e+02
1.472589527893362344e+02
1.481152483684468280e+02
1.490292707210867604e+02
1.498957034019717014e+02
1.508693496761172810e+02
1.515952756554258372e+02
1.522370023322621364e+02
1.527739258183735842e+02
1.533762630695384814e+02
1.540352280167693380e+02
1.517701593392268364e+02
1.482079041015867062e+02
1.450610846587363767e+02
1.417320523246955872e+02
1.392244580629758275e+02
1.364418308445057164e+02
1.329300775466720665e+02
1.294680177413228250e+02
1.280699619791745079e+02
1.268233821700207500e+02
1.241911947019888061e+02
1.212907098552068135e+02
1.186054365141405782e+02
1.162041918596035686e+02
1.135072950045417031e+02
1.123478131873033306e+02
1.093264629000332064e+02
1.061746188505565271e+02
1.035905452717037605e+02
1.012341114124748600e+02
9.876338976898740896e+01
9.621376586806933062e+01
9.573180512282328891e+01
9.570661763581620107e+01
9.473021832301118650e+01
9.473021827981446563e+01
9.473021816578827270e+01
9.365602932741668951e+01
9.113548174644454036e+01
9.046161768058087205e+01
8.788409488153409654e+01
8.491274433894851370e+01
8.364206294245938977e+01
8.364206283714960932e+01
8.364206281054885039e+01
8.364206276185883837e+01
8.364206159310418798e+01
8.364204625676565286e+01
8.364204595651106899e+01
8.364204450251793332e+01
8.220600818340221849e+01
8.019178302853613616e+01
7.770200591747666863e+01
7.671511252671739101e+01
7.456041530201622436e+01
7.233106383183373111e+01
7.037383825132641846e+01
6.829436130610072553e+01
6.611981295118330593e+01
6.395150703620510058e+01
6.182117635009625189e+01
5.990759433605028050e+01
5.811069781206325757e+01
5.608130976238044241e+01
5.409616190273328584e+01
5.209930461370518628e+01
5.027809161975636698e+01
4.939288747565113624e+01
4.773274700669077220e+01
4.587713612696896348e+01
4.437792391454858887e+01
4.221347889598700931e+01
4.040364959538874956e+01
3.869786129096740979e+01
3.828213668687884308e+01
3.828212991291592004e+01
3.807196553692028829e+01
3.628439592869951724e+01
3.416200209724294012e+01
3.244964866290644778e+01
3.067864434192529188e+01
2.909732325695368971e+01
2.759764439628624899e+01
2.589393622602879219e+01
2.444701988106175605e+01
2.421614185532027008e+01
2.421614136562553909e+01
2.424770964372876136e+01
2.435603145890485521e+01
2.453354207308580470e+01
2.470591825574634370e+01
2.497646482348234542e+01
2.513848776648226035e+01
2.538511738913838300e+01
2.584187961194712457e+01
2.654224351667506099e+01
2.721047896190944826e+01
2.800676505511209413e+01
2.909326702908109041e+01
3.019239220597128082e+01
3.122403544654822127e+01
3.229913781204686529e+01
3.365490164548172203e+01
3.475846186505370383e+01
3.585793824993947965e+01
3.709761216732652400e+01
3.859757004549025083e+01
4.004763082389420958e+01
4.143316879622594229e+01
4.265118530941367680e+01
4.422524458301235484e+01
4.544814377414732576e+01
4.655648163568378806e+01
4.777729782720579976e+01
4.887577009923640503e+01
5.011885246950922834e+01
5.105955153608726960e+01
5.240412677390676066e+01
5.369328397178658463e+01
5.477009978057242279e+01
5.617186914738937276e+01
5.750918521803833983e+01
5.860423358269039085e+01
5.976560049553653897e+01
6.094674204381265525e+01
6.213349249263382035e+01
6.331644079930075009e+01
6.438804213837310897e+01
6.546686074642451558e+01
6.650811822206293300e+01
6.760719170373141651e+01
6.880438110328364587e+01
6.988739479678723399e+01
7.095512441015351612e+01
7.101938993938536271e+01
7.102875287224001966e+01
7.111992274168522954e+01
7.121608614561506556e+01
7.139135068422997676e+01
7.165521132901324108e+01
7.193891780922351131e+01
7.227263982118732599e+01
7.266517255718768808e+01
7.325663916794474062e+01
7.378411267291622266e+01
7.446418066729698637e+01
7.521541988914320598e+01
7.593552308167483034e+01
7.673386875156870701e+01
7.757796678723951800e+01
7.837685531000239791e+01
7.934600457971467335e+01
8.025524809515728464e+01
8.107759878937318376e+01
8.193800741687638833e+01
8.297151505608573530e+01
8.386405721231533050e+01
8.468426164168307935e+01
8.561361263698697144e+01
8.658725224284043520e+01
8.758246407658788257e+01
8.849797033498538212e+01
8.931624215233284758e+01
9.019244481211856623e+01
9.123522673870908761e+01
9.212911583601470511e+01
9.289227019867622914e+01
9.372676393551873275e+01
9.460181447099296292e+01
9.548640949145281809e+01
9.635738319099426974e+01
9.725833685372737136e+01
9.806859300638969046e+01
9.892214392871983364e+01
9.985811925350809304e+01
1.008511328281569490e+02
1.018093863990594912e+02
1.025172467822501687e+02
1.033749816637627106e+02
1.040009500187437794e+02
1.047508965397149865e+02
1.054582220966626380e+02
1.060703113763035930e+02
1.066875427785620616e+02
1.066912360930009243e+02
1.066995106889292941e+02
1.067130851966198435e+02
1.067647449945935989e+02
1.068574033867954256e+02
1.069978525863539573e+02
1.071169362331438606e+02
1.073819975834484524e+02
1.075600164985498282e+02
1.078454201823210212e+02
1.081780763066539066e+02
1.086163349503543429e+02
1.091387007487280982e+02
1.095826801589392119e+02
1.099425232126776280e+02
1.104896215715499892e+02
1.110111957603828614e+02
1.115115526384103646e+02
1.120887550863525775e+02
1.128560737544935790e+02
1.135788594270673002e+02
1.141764881367517290e+02
1.148699572270569575e+02
1.156360122232098036e+02
1.163394464218048086e+02
1.171407874933858579e+02
1.178330647039472581e+02
1.186139913121375002e+02
1.192868802591530653e+02
1.200660169396591357e+02
1.207870209814457780e+02
1.214086349623232337e+02
1.220961890150355202e+02
1.227905651769853392e+02
1.234624101029619681e+02
1.242404346205641303e+02
1.249917954117602790e+02
1.256370476858778602e+02
1.263226159624511666e+02
1.269637260896932105e+02
1.276508074707303564e+02
1.283600423080117423e+02
1.289812914072625745e+02
1.296519818441568077e+02
1.301836765039119257e+02
1.308745230350708084e+02
1.315876352863960221e+02
1.321693446219488806e+02
1.327512302007296796e+02
1.334065157331982050e+02
1.340280319196346852e+02
1.347370570506967056e+02
1.354709640140764293e+02
1.360793326033535209e+02
1.366863587859552922e+02
1.372382388216964273e+02
1.372385184703258005e+02
1.372431455113347454e+02
1.372567766373161930e+02
1.372842691997983593e+02
1.373158905177116367e+02
1.373480920151303053e+02
1.374043933044809478e+02
1.375063228950729695e+02
1.376129993597036503e+02
1.377276363846992524e+02
1.378984708825218206e+02
1.380649173007730610e+02
1.383059693461315760e+02
1.384730120075349191e+02
1.387959934530434793e+02
1.391263562701801675e+02
1.394490857684467073e+02
1.398117133205919913e+02
1.402527306252310950e+02
1.406115526792026458e+02
1.410666591154886476e+02
1.415392533971412377e+02
1.420032392674312973e+02
1.425266178650717848e+02
1.429813971045670087e+02
1.434583676883989938e+02
1.440789707581949983e+02
1.445812760844889624e+02
1.451818339932449362e+02
1.458234985619534143e+02
1.464627252106810715e+02
1.471518495250463161e+02
1.477245566833977364e+02
1.483259491528431795e+02
1.490167320439131231e+02
1.496930510584242029e+02
1.503635556604147325e+02
1.509367833459791086e+02
1.516077317096904551e+02
1.522072129970665344e+02
1.528599521590575137e+02
1.534130106535141920e+02
1.540596724245505129e+02
1.545668112231427642e+02
1.551357797231233349e+02
1.558033994631554435e+02
1.565089604618456747e+02
1.571206250174930403e+02
1.577373989696873764e+02
1.583125102381454212e+02
1.589539647986114801e+02
1.595304684015733869e+02
1.600255669454534200e+02
1.605903476418332900e+02
1.611837736904105896e+02
1.617641471191982134e+02
1.622771354833402029e+02
1.628263579352412194e+02
1.634252475261949371e+02
1.639365042183307821e+02
1.645644908710850132e+02
1.649988034892036239e+02
1.655195094934708209e+02
1.661014845577026620e+02
1.666924163455676933e+02
1.671717781803965011e+02
1.676767647690072351e+02
1.682222736680444086e+02
1.687548525992945372e+02
1.692998768694462512e+02
1.697901494885163345e+02
1.702374183956562490e+02
1.707532670506176657e+02
1.711862086728216354e+02
1.716579057187070134e+02
1.721641621619174032e+02
1.727436931283066315e+02
1.732620162251539284e+02
1.738733296924481238e+02
1.744380179211659936e+02
1.749056455330461120e+02
1.753879824473818871e+02
1.759151940099503975e+02
1.764118382905228373e+02
1.769236294863637227e+02
1.774086400241588422e+02
1.779372755391297005e+02
1.784284071654168997e+02
1.789093575766458173e+02
1.793699529115820610e+02
1.799310674514504740e+02
1.803922592272665213e+02
1.809287470071116957e+02
1.813965493686146431e+02
1.818248553155320906e+02
1.822691372615080070e+02
1.826710332061100246e+02
1.831995894784078587e+02
1.837076771389877479e+02
1.841455392042860240e+02
1.845363097434083954e+02
1.850635706045950428e+02
1.855292214389752417e+02
1.860281079510783115e+02
1.864525823359586241e+02
1.868459560571884595e+02
1.872403418081203768e+02
1.876987004963053209e+02
1.881066914663966827e+02
1.886158242779998773e+02
1.890546852786691261e+02
1.895169830650444567e+02
1.899201925540221225e+02
1.903087435548341944e+02
1.907571333329523497e+02
1.912165690236357989e+02
1.915785879966306311e+02
1.921075207844077397e+02
1.925871249108635936e+02
1.930394624541409314e+02
1.934420236616197144e+02
1.938543996502829430e+02
1.943219083783991721e+02
1.948602909429333465e+02
1.952967890591214370e+02
1.956950571562965422e+02
1.961507701915331836e+02
1.965523429072112265e+02
1.969833913201636335e+02
1.973957944196700112e+02
1.978177746749229016e+02
1.982458563679451800e+02
1.986164106223612293e+02
1.990455549847023917e+02
1.994829661137912353e+02
1.998415724949592800e+02
2.002690068711968365e+02
2.006755752246806708e+02
2.010595140728951549e+02
2.014547872237250203e+02
2.018449224464798419e+02
2.023199567636255551e+02
2.026551450312927614e+02
2.030961837174108098e+02
2.035227965161062400e+02
2.039357073023389546e+02
2.043898161710802697e+02
2.048046178521235277e+02
2.052522955893554695e+02
2.056597548898535877e+02
2.060736895021208852e+02
2.064482782644753627e+02
2.068190790301532616e+02
2.071432092979044057e+02
2.075264647019844233e+02
2.079638687793216434e+02
2.083713716416567365e+02
2.087495427954974332e+02
2.091819026468213565e+02
2.095357977661390976e+02
2.098585098914292644e+02
2.102008271136820952e+02
2.105661169094134095e+02
2.109666137386188893e+02
2.113604675684609049e+02
2.116978818645432909e+02
2.120758633068469692e+02
2.125117321266946817e+02
2.128795730980926919e+02
2.132269820013083006e+02
2.135949461131548617e+02
2.139399137417239842e+02
2.142896288790493031e+02
2.147039382947582737e+02
2.150600714205249915e+02
2.154413904251008773e+02
2.157604898601255172e+02
2.161251165682529631e+02
2.164667942672621166e+02
2.169820795302478587e+02
2.173668450527653704e+02
2.177129090148339969e+02
2.180938389614405537e+02
2.184976271968794208e+02
2.188531724646648229e+02
2.191651094279807523e+02
2.195451402336155695e+02
2.198823184882305668e+02
2.203251808221038175e+02
2.207390428300023757e+02
2.211326588903891661e+02
2.214996986460445214e+02
2.218670673182062387e+02
2.222700483505983016e+02
2.226748763814105700e+02
2.230901938807143097e+02
2.234577671169129189e+02
2.237768134361280090e+02
2.241390914139080621e+02
2.244807003128448457e+02
2.247834311631231969e+02
2.251101299226849051e+02
2.255737699070393774e+02
2.259416450356670794e+02
2.262392159190086431e+02
2.265575041335200694e+02
2.269038148249987046e+02
2.272556859048386286e+02
2.275664460610164781e+02
2.278597447459131331e+02
2.282214147808580549e+02
2.285584725266015482e+02
2.289786959811757185e+02
2.293026591627225343e+02
2.296219083020310450e+02
2.299184617028195419e+02
2.302809487965396045e+02
2.306400113354625034e+02
2.310230822746913759e+02
2.313783928004417874e+02
2.317428866950927215e+02
2.320694427004577562e+02
2.324079304816592355e+02
2.327877033199661412e+02
2.331138827051654516e+02
2.334170286991311229e+02
2.337548538540950176e+02
2.341113595383044981e+02
2.343751627707801504e+02
2.346578752420807348e+02
2.349668684948186410e+02
2.352254324807005617e+02
2.355576066776466178e+02
2.359367954654209996e+02
2.362630609455893875e+02
2.365280084790217074e+02
2.368624312966739751e+02
2.371442563436313549e+02
2.374664963446864476e+02
2.377995265513042398e+02
2.381245039660600469e+02
2.384554791224863948e+02
2.388266794148260601e+02
2.391561994153435649e+02
2.394615378766636695e+02
2.398436879372614499e+02
2.401235049102789390e+02
2.404638590186285398e+02
2.408346885357964027e+02
2.411086174143609924e+02
2.414723827592960674e+02
2.417531649468365345e+02
2.421001995067750840e+02
2.424408940924610079e+02
2.427954659652051248e+02
2.431277160854001522e+02
2.434718731453776286e+02
2.438474144914674469e+02
2.441399463238950318e+02
2.444509084565343642e+02
2.447437561999747402e+02
2.450089682660832864e+02
2.452845411570270073e+02
2.456125693017072820e+02
2.459433829963788298e+02
2.462457474760051923e+02
2.465523446710234907e+02
2.468157692759474173e+02
2.471238623337636966e+02
2.474002024010074194e+02
2.476285895305629197e+02
2.479227385345343748e+02
2.481822807355067937e+02
2.485242480509839993e+02
2.487688983723916181e+02
2.490196652317917199e+02
2.492311136263794253e+02
2.494338197301848652e+02
2.496645345291094600e+02
2.499235774268771877e+02
2.501769078250971177e+02
2.504233977681010970e+02
2.506430373944664893e+02
2.509020102479660750e+02
2.511447977397158411e+02
2.513814636930598851e+02
2.517233644023231136e+02
2.520436790891642431e+02
2.522934624402317070e+02
2.525997453321762976e+02
2.528115688902079228e+02
2.530007664515783006e+02
2.532153088219891401e+02
2.534755622185785455e+02
2.537017318664765071e+02
2.539617747066930917e+02
2.542517264102630747e+02
2.545334015300705346e+02
2.546831044437778928e+02
2.548836364781487305e+02
2.550758632423968777e+02
2.553019074049754806e+02
2.555247621432472158e+02
2.557707123246207459e+02
2.558430474024933119e+02
2.560228822681638121e+02
2.562317241944599004e+02
2.564697762255113958e+02
2.566323141591042258e+02
2.568417853489906975e+02
2.570899677138967263e+02
2.573145755548056286e+02
2.574987441168485134e+02
2.576454641224534043e+02
2.578138546694459023e+02
2.579593378981277283e+02
2.580933196204256319e+02
2.582375266056949386e+02
2.584460637750022443e+02
2.585908388541163276e+02
2.588202546706672251e+02
2.589981187409833865e+02
2.591904429461812924e+02
2.593292721336381419e+02
2.594968174714158522e+02
2.596069743407600754e+02
2.597640381569528358e+02
2.597728636119623502e+02
2.599188970561193628e+02
2.600532511828478164e+02
2.603388619878395502e+02
2.603130063103105272e+02
2.602969346733850671e+02
2.605270870585962371e+02
2.606704372381654480e+02
2.608771152312485242e+02
2.608973908810978628e+02
2.610851094033528170e+02
2.613484483988513603e+02
2.613669969327560807e+02
2.613073655510088429e+02
2.611118198432453710e+02
2.604404092820528263e+02
2.595301651764536928e+02
2.586007951545399806e+02
2.575298533888038151e+02
2.567366602452328266e+02
2.567298887034235690e+02
2.556229168688284119e+02
2.541616553170773329e+02
2.528256752726155128e+02
2.515822056751009939e+02
2.500324268333689020e+02
2.486671988583711084e+02
2.471824935443472384e+02
2.457834764685875086e+02
2.441968225763367855e+02
2.431500387076688696e+02
2.431500345038787714e+02
2.431500338892870445e+02
2.431500054446933916e+02
2.428314276332041004e+02
2.410227726016047143e+02
2.394832598553724097e+02
2.380742646659515458e+02
2.366531805494888658e+02
2.352263741472160063e+02
2.337925652717956382e+02
2.323908196934899308e+02
2.309082716167433773e+02
2.299303792207433048e+02
2.284967465983181967e+02
2.270846977993654150e+02
2.258178300166067913e+02
2.242954790672621073e+02
2.228931421030960678e+02
2.213626453657715274e+02
2.200438751597486942e+02
2.186670305654849926e+02
2.175650859540398301e+02
2.163415285346791848e+02
2.150604159106414386e+02
2.138050186511286199e+02
2.131710365648183938e+02
2.115702699523299657e+02
2.102017644912243099e+02
2.100346045759598610e+02
2.100346045724435839e+02
2.100346045668771922e+02
2.100346040413342052e+02
2.100346039546793122e+02
2.100346038583448376e+02
2.100346038488604279e+02
2.100346037759902345e+02
2.100346026297990818e+02
2.100345996009083933e+02
2.100345994343654183e+02
2.098635671993461926e+02
2.083365054533910836e+02
2.068216920134907468e+02
2.058189774225789392e+02
2.045837442142903910e+02
2.032696997946387398e+02
2.019810549918971958e+02
2.008387785703648944e+02
1.993971524123666654e+02
1.981367154735691827e+02
1.972242968035622255e+02
1.963391215979410731e+02
1.960649171918763614e+02
1.960649132073045848e+02
1.960649130144637127e+02
1.960649130142436434e+02
