2.493840322897735717e+00
2.979717843270789146e+01
1.429074852126886341e+00
-2.375700388390399809e+01
-4.181143465759825517e+01
-4.748398766401761861e+01
-4.780507437681755079e+01
-4.739809199545454987e+01
-4.305110271492004870e+01
-4.215560517156746556e+01
-2.249436419376053564e+01
-3.458180522669032086e+00
8.552514560000609833e+00
2.449361950703643487e+00
-7.024379322198095466e+00
-1.499167493218682345e+01
-1.605584035604413629e+01
-2.362063345660833491e+01
-2.988817343317512609e+01
-3.176813788922866166e+01
-2.737043134000011690e+01
-1.824619316649759782e+01
-9.200325502814859391e+00
-1.108427763281958178e+01
-1.733613997558237330e+01
-2.313959728194181054e+01
-2.879946809777403516e+01
-3.319549895791453764e+01
-3.828927748447404156e+01
-4.173340963983381613e+01
-4.495700477288077934e+01
-4.701407518970600563e+01
-4.621460318876070517e+01
-3.474366063043893860e+01
-3.362682587021406988e+01
-3.354390702779819833e+01
-3.228088701282631234e+01
-2.798418497209120659e+01
-2.183720506832602837e+01
-1.538739168048464734e+01
-1.036769053046707079e+01
-6.218412221960535113e+00
-1.137618520241201026e+00
3.245281125568970637e+00
7.548653520081791690e+00
1.101759857847512158e+01
1.444772155524849211e+01
1.542056737343077799e+01
1.143895350165711733e+01
7.735425949788699462e+00
3.539047358353536232e+00
3.594164054695880850e-01
-3.170934804287077746e+00
-5.858565064711086734e+00
-8.792750860086284703e+00
-1.155902661384006613e+01
-1.404266902715557563e+01
-1.562483087966161754e+01
-1.421928157046214203e+01
-1.360847942742498162e+01
-1.628546019602683259e+01
-1.872932725362727169e+01
-2.168219791632709104e+01
-2.405424507718738880e+01
-2.639492924312033750e+01
-2.906090365282127408e+01
-3.175854978697528708e+01
-3.338060394676332265e+01
-3.557184373429854674e+01
-2.893946263343892511e+01
-2.322066937380884966e+01
-1.863287986049836320e+01
-1.482000027591638158e+01
-1.114953148396602067e+01
-7.454099434692745163e+00
-4.826277386293295280e+00
-4.104837104865158182e+00
-6.316744238976132131e+00
-7.952336615754539650e+00
-1.029414461710661932e+01
-1.241121869014109080e+01
-1.312309701820893615e+01
-1.131382654474816896e+01
-8.979733479033694010e+00
-6.683475015931849228e+00
-3.997024047157647253e+00
-1.951764982224331035e+00
3.230207556026858384e-01
2.821095408051577991e+00
5.519536377186947895e+00
7.637756521335205662e+00
9.437653756202404765e+00
1.130100850456899764e+01
1.320956111917058173e+01
1.465524515026370622e+01
1.602001701463680305e+01
1.678420622118093064e+01
1.504304015788475013e+01
1.303733391571788758e+01
1.096107052338961196e+01
9.192547642618627890e+00
7.273591526977526200e+00
5.533128866602178064e+00
3.812248048258640054e+00
1.916306500564807891e+00
3.239806635408815083e-01
-1.444187312835934378e+00
-3.209412380741601289e+00
-4.593885107207793972e+00
-6.005699575044686434e+00
-7.480420349170536554e+00
-9.029441054137231859e+00
-1.070920731038407325e+01
-1.216470454008152657e+01
-1.334137101323386077e+01
-1.480822052075026463e+01
-1.622778666236451883e+01
-1.476937562098042100e+01
-1.210873186194946349e+01
-9.775665984033294009e+00
-7.919649479250979063e+00
-6.006969977692774521e+00
-3.974529502639035705e+00
-2.573334656957682043e+00
-6.597645479829061799e-01
8.838960902293528932e-01
1.520343585525612440e+00
-2.324072164807038376e-01
-1.500245602281340851e+00
-2.888939918871672674e+00
-4.198123510259012647e+00
-5.450881503002837469e+00
-6.742739743497780047e+00
-8.004998914033759405e+00
-8.954282068405131412e+00
-1.016944950973114636e+01
-1.116066371420061820e+01
-1.238097647079257513e+01
-1.355557937711768446e+01
-1.462941557450158392e+01
-1.600533893566792898e+01
-1.699115209792525860e+01
-1.801842028635652326e+01
-1.907741087718174100e+01
-2.011912689346259242e+01
-2.127148489011418775e+01
-2.226340898900216558e+01
-2.319420549261219122e+01
-2.424492401238376971e+01
-2.524746960454794475e+01
-2.619945509374250037e+01
-2.705298836530253226e+01
-2.796903787775926986e+01
-2.903202328559352452e+01
-3.010583186624422680e+01
-3.093809449663596212e+01
-3.193640808708036616e+01
-3.268392133351985507e+01
-3.341913417645720585e+01
-3.447552169123174082e+01
-3.531496191489799941e+01
-3.617135036350266120e+01
-3.703770501264034465e+01
-3.790994499419343811e+01
-3.884524096174393293e+01
-3.919635326935633657e+01
-3.595685273960717154e+01
-3.544620058414891872e+01
-3.541589662072198763e+01
-3.529882773858135181e+01
-3.505923313875364755e+01
-3.471226954917356977e+01
-3.438106965091176193e+01
-3.381148089849965288e+01
-3.315321542203876959e+01
-3.239817153471654620e+01
-3.134037135739691138e+01
-3.058417818957367729e+01
-2.954074127948668149e+01
-2.848817390550083672e+01
-2.749667125919718558e+01
-2.622739118168486172e+01
-2.500295694177791006e+01
-2.378547234105030839e+01
-2.260878030640778036e+01
-2.141415219843493389e+01
-2.009333464146959614e+01
-1.871940402360263178e+01
-1.756674211118112794e+01
-1.645918499606657548e+01
-1.536376882435500413e+01
-1.443194653869701760e+01
-1.339900505211446990e+01
-1.221628326734257719e+01
-1.115221141190649412e+01
-1.009389866713877026e+01
-9.457151040149243570e+00
-8.343528591260408689e+00
-7.093997097479395109e+00
-5.909159428668340652e+00
-4.686495696280070788e+00
-3.329526011537197405e+00
-2.353697309598214105e+00
-1.983169453532807935e+00
-1.346648777493975047e+00
-8.934205487226574149e-01
-2.959740867728140046e-01
4.317608332654501169e-01
1.058333031991963935e+00
1.694344213705706537e+00
2.353856418866005384e+00
3.011455405197724033e+00
3.624522329479894722e+00
4.451031835382560864e+00
5.274690412834860176e+00
6.014223955142838030e+00
6.737161035789285712e+00
7.418775158410829462e+00
7.203213554987597078e+00
6.171713002531704184e+00
5.455552479573116287e+00
4.498412182306092078e+00
3.749945675305056625e+00
2.878852346947667229e+00
2.155274411478593777e+00
1.240973580342284777e+00
3.703984784265266228e-01
-4.510444172523264683e-01
-1.336530015486999901e+00
-2.212121260300371262e+00
-3.089169455892381677e+00
-3.767900264999721749e+00
-4.506449706464853655e+00
-5.216845840608724139e+00
-6.032164656524841462e+00
-6.934907437201548674e+00
-7.702969453481431472e+00
-8.438926097403580684e+00
-9.198279785082720039e+00
-9.913634509916059656e+00
-1.055900383876714521e+01
-1.115557503290805208e+01
-1.188869354703048664e+01
-1.251607002126501911e+01
-1.319901848253646648e+01
-1.381249840278601582e+01
-1.449236888693529934e+01
-1.527972153898508800e+01
-1.587111100340863246e+01
-1.659318060692744012e+01
-1.674959862687435574e+01
-1.669001409172098249e+01
-1.728529435580536955e+01
-1.801308663586943482e+01
-1.864523151884560548e+01
-1.935354630198617798e+01
-1.994129114269846781e+01
-2.043752855437046634e+01
-2.118868403008186618e+01
-2.194427017044471384e+01
-2.247537474241040911e+01
-2.307951766974259300e+01
-2.368630417847611014e+01
-2.433496057286178527e+01
-2.499120564013351142e+01
-2.557235057091619979e+01
-2.624681121160751474e+01
-2.677593195679199312e+01
-2.727902611170457448e+01
-2.787840984512214249e+01
-2.849469156754324928e+01
-2.907048259390107248e+01
-2.935568078489622224e+01
-2.883962861213693429e+01
-2.803805026433884962e+01
-2.704224090250070489e+01
-2.592092022443582522e+01
-2.480433867386167535e+01
-2.354603414367063152e+01
-2.284670002220048701e+01
-2.336042898685167302e+01
-2.386419675350852998e+01
-2.447238826470610817e+01
-2.512631040496214752e+01
-2.574323027000269803e+01
-2.629631660787618230e+01
-2.681774863474606008e+01
-2.737922636988975711e+01
-2.794245454675966656e+01
-2.848419569103143090e+01
-2.899517385099465727e+01
-2.944116614483467842e+01
-3.009221044304292292e+01
-3.059598525554596193e+01
-3.109090413975363276e+01
-3.148422081510646819e+01
-3.201071819104653571e+01
-3.248877119709784012e+01
-3.297105543876737954e+01
-3.320450197075006571e+01
-3.374501205905229995e+01
-3.419480013249203409e+01
-3.462887923580841232e+01
-3.401602744073561269e+01
-3.309071549186173655e+01
-3.195031526079571549e+01
-3.082624169634456379e+01
-2.968137675081190352e+01
-2.845747179889786693e+01
-2.717800319923998842e+01
-2.599002965684391242e+01
-2.490050813998723811e+01
-2.367213974650113073e+01
-2.254930814396077210e+01
-2.125694205651309687e+01
-2.009036122448784312e+01
-1.899943720011747672e+01
-1.777126548558830876e+01
-1.666207125054323512e+01
-1.548845131236839379e+01
-1.435972812622086003e+01
-1.321598651817031467e+01
-1.209809523400540598e+01
-1.110820664814530545e+01
-1.006311535451480488e+01
-9.074007772914281844e+00
-8.166660374708799353e+00
-7.322541202995690668e+00
-6.396516615765255764e+00
-5.498210724698673779e+00
-4.647779610542185580e+00
-3.922643733073885031e+00
-3.056859604518509244e+00
-2.265604610227818227e+00
-1.404191955551421955e+00
-6.590153543043815176e-01
1.012205219890773833e-01
8.164819090970745208e-01
1.527602353233829646e+00
2.285905525436987773e+00
2.514068845941752173e+00
1.968916397940599694e+00
1.332495626841415870e+00
7.361439063620434098e-01
1.534924860008324288e-01
-3.954863176148819548e-01
-8.884765183277671952e-01
-1.496936519867343662e+00
-2.166462780370720154e+00
-2.662289248285921062e+00
-3.106414112939101635e+00
-3.572356408824994389e+00
-4.034270902390773905e+00
-4.557379582482591118e+00
-5.034205655046983807e+00
-5.462860086578352536e+00
-6.044119884257141528e+00
-6.456898613512184859e+00
-6.863389229317050422e+00
-7.294804957483857599e+00
-7.757922323906734974e+00
-8.119657554391505272e+00
-8.571401080080409685e+00
-8.973769925156055649e+00
-9.557217554145189808e+00
-9.963847062152037637e+00
-1.048891413268093054e+01
-1.090840304451863219e+01
-1.136523080546879783e+01
-1.179324939050185250e+01
-1.220498752921414010e+01
-1.259012105768193202e+01
-1.306858083242097024e+01
-1.352835007232950559e+01
-1.395563728321755903e+01
-1.433286321961965726e+01
-1.471470151734558307e+01
-1.469717131426032530e+01
-1.428493283160118921e+01
-1.444674524239316860e+01
-1.432416016026783367e+01
-1.413451810140263021e+01
-1.382052957484683375e+01
-1.353350528998289093e+01
-1.321260572465324401e+01
-1.288874320571621723e+01
-1.257948560692890183e+01
-1.225073447006412586e+01
-1.184795631624724521e+01
-1.147885161518734165e+01
-1.110553988619546395e+01
-1.072176234746227053e+01
-1.038236564320754418e+01
-1.067094119938584740e+01
-1.113858721063794022e+01
-1.155540564842767814e+01
-1.199032257108011734e+01
-1.238866054043729470e+01
-1.280688017791532651e+01
-1.328851531788298246e+01
-1.374349669447073374e+01
-1.413643812161086544e+01
-1.454223550401214560e+01
-1.489543772597528815e+01
-1.536898522807526746e+01
-1.578209982164417013e+01
-1.620038009114403721e+01
-1.654261993357226146e+01
-1.695496413016545034e+01
-1.735355188092895418e+01
-1.773411297312200929e+01
-1.813740138476750730e+01
-1.852483217188223819e+01
-1.886405353596844492e+01
-1.925852174400628769e+01
-1.962877356901545767e+01
-1.992713076391698479e+01
-2.030555164014449687e+01
-2.074852883643949397e+01
-2.112817753167189494e+01
-2.151843038812767617e+01
-2.178737333348950500e+01
-2.218267209924100314e+01
-2.255685227772280399e+01
-2.287802930536002677e+01
-2.332997607563318709e+01
-2.372907321591637952e+01
-2.405033886923670394e+01
-2.437222625520337971e+01
-2.475454276802757647e+01
-2.509725288731026183e+01
-2.486427400185458936e+01
-2.372317562761797305e+01
-2.254619221945934981e+01
-2.251758487631065009e+01
-2.250440363871157246e+01
-2.247201348395666543e+01
-2.244518884677790282e+01
-2.238480460050813292e+01
-2.229504212370529359e+01
-2.219475359311146434e+01
-2.203432488759588281e+01
-2.180667288505482659e+01
-2.154790594575293738e+01
-2.127958967390152623e+01
-2.088335742586894739e+01
-2.044109392261742641e+01
-1.993850759308713094e+01
-1.951040028626877643e+01
-1.905642572273436386e+01
-1.856378750242668829e+01
-1.806996262068914305e+01
-1.760934296905046637e+01
-1.713029958409430265e+01
-1.655783958435293357e+01
-1.599495311674984599e+01
-1.543610934394729206e+01
-1.488574570978245148e+01
-1.426426221664006810e+01
-1.377038542193378845e+01
-1.322563291140542674e+01
-1.268232355651683818e+01
-1.212487719399756969e+01
-1.169191878015043784e+01
-1.107836766352551550e+01
-1.062899757353922325e+01
-1.015766262077959325e+01
-9.686072540070171044e+00
-9.150438753097246192e+00
-8.600371296935630738e+00
-8.133402877569162470e+00
-7.688784507892446385e+00
-7.327340890936268281e+00
-7.449351138201400602e+00
-7.693684691312685509e+00
-8.053802742927453906e+00
-8.479686289618816986e+00
-8.844508979052942976e+00
-9.202270099916065149e+00
-9.585071913711058045e+00
-9.886538069882391255e+00
-1.026429111851017062e+01
-1.058618098584372014e+01
-1.097640643151231821e+01
-1.139660525485574816e+01
-1.172078810124521198e+01
-1.193945251600571922e+01
-1.227964721518151592e+01
-1.268441176615477417e+01
-1.304051772489904515e+01
-1.338888244229690017e+01
-1.372507919462960757e+01
-1.406024223732339884e+01
-1.440586599857380712e+01
-1.470393413834118590e+01
-1.503717052364491558e+01
-1.540257663394875109e+01
-1.579348853532314045e+01
-1.613304425211637039e+01
-1.613324158855532886e+01
