-1.944125346969483701e+02
-9.797830188278965124e+01
-2.187694978019604619e+01
1.876030487260444346e+01
-4.345286667492270283e+01
-8.468161063946431000e+01
-1.192672498067145028e+02
-1.509522460040198268e+02
-1.331919983570433601e+02
-1.041766298061437936e+02
-5.800872247660007019e+01
-2.454944053870630327e+01
3.529146885658335009e+00
2.345118101727509341e+01
4.399199709884097587e+01
6.132437750387754960e+01
4.739070798479758651e+01
2.033248204268772952e+01
7.577668702534481326e-01
-6.876380477094507171e+00
-1.588449698400074439e+01
-3.598775309561517588e+01
-5.445061287641680536e+01
-6.999242989441270879e+01
-7.172642883021865146e+01
-7.165583879627683928e+01
-7.095477146612465447e+01
-6.992654188244904390e+01
-6.706215307055491337e+01
-5.872502247876195725e+01
-4.460206782935564718e+01
-3.127045673086077571e+01
-1.857971480286512289e+01
-1.278066495401808922e+01
-1.267481891262646698e+01
-1.058487346262791462e+01
-2.746338986176855457e+00
9.845659432999067207e+00
2.078337707347608543e+01
3.426984228695872048e+01
4.391424216996799856e+01
5.541425016138568083e+01
6.503255432418600890e+01
7.326416640894461807e+01
7.918822442401842920e+01
8.664074449029358505e+01
9.344098506144169392e+01
9.978177023776447641e+01
1.058609256890932784e+02
1.115555345921840740e+02
1.174723710222139914e+02
1.235689599348100103e+02
1.289430925493339828e+02
1.338614685091628189e+02
1.390768351214663880e+02
1.444179385104716857e+02
1.473305424268416175e+02
1.424948683300392815e+02
1.257555945003701652e+02
1.139754460400688174e+02
1.052542104371505332e+02
1.007762795102276954e+02
8.877675065456404013e+01
7.581361965087327803e+01
6.515525501927035634e+01
5.520502662768561208e+01
4.688489332960952538e+01
4.267980011421763464e+01
3.346057657614200309e+01
2.537787022326863706e+01
1.644899805803182602e+01
1.149887799650272591e+01
1.149887554857948579e+01
9.013994868257380944e+00
2.020600411280284447e-01
-6.992373083341934858e+00
-1.405368658047998309e+01
-2.188375044769866307e+01
-2.731353491719460536e+01
-3.468923171849151998e+01
-3.989909309993578290e+01
-4.657045720099470998e+01
-4.778688710594734346e+01
-4.893379983145753442e+01
-5.542193833191051056e+01
-5.999093421903943835e+01
-6.051392411717944952e+01
-6.545759284443974479e+01
-7.061132356925321574e+01
-7.619994795796905862e+01
-8.011369892395761383e+01
-8.463531865184791059e+01
-8.514168919884551201e+01
-8.510441288153954531e+01
-8.496135694493708002e+01
-8.461747372828067171e+01
-8.357580892193956856e+01
-8.200383888202725302e+01
-8.031198366900886754e+01
-7.785974592573811037e+01
-7.377525405661560853e+01
-6.943277620104477421e+01
-6.422581799643680256e+01
-5.969532905717495908e+01
-5.456516057976908485e+01
-4.914988038940519743e+01
-4.367889081597309087e+01
-3.926169916271307159e+01
-3.517643957093589790e+01
-3.005568906629667225e+01
-2.552526805770340346e+01
-2.147162359027304745e+01
-1.789574939572489853e+01
-1.411186262476176090e+01
-1.010422487429191563e+01
-6.971783038592434423e+00
-3.222969644082400720e+00
-6.787090702097842154e-02
3.762240748129002554e+00
7.429490256459068576e+00
1.091402291976284644e+01
1.389997257147851784e+01
1.695477576573956924e+01
1.974446722554220202e+01
2.266288572204243223e+01
2.601079521230351688e+01
2.867830191964512565e+01
3.149222701877043207e+01
3.397970923867980275e+01
3.652594033262771234e+01
3.952693184234038171e+01
4.189757477785317974e+01
4.447082521138322875e+01
4.683374752683850062e+01
4.978547535150091363e+01
5.232544648684743294e+01
5.461062352600301040e+01
5.729051814480494897e+01
5.943582569180600217e+01
6.161417721919522705e+01
6.451520664985710596e+01
6.682652163337718321e+01
6.897636004811943167e+01
7.118691032856882828e+01
7.373907320909933105e+01
7.549669059581952979e+01
7.577361010049064305e+01
7.577448811866713640e+01
7.578787020774228722e+01
7.580908770498535887e+01
7.588592952203879349e+01
7.601699258542996063e+01
7.622230300099076317e+01
7.659818049299030918e+01
7.721397727247224907e+01
7.799495057178035040e+01
7.893418285830463788e+01
8.063732992541903855e+01
8.204779763322811448e+01
8.406510436092995064e+01
8.643677055011855259e+01
8.895827666858149030e+01
9.138607653936983866e+01
9.371646354380064281e+01
9.685068498999925168e+01
9.948840049142049224e+01
1.024273613724589325e+02
1.051879881561068260e+02
1.079955330630411936e+02
1.106044449504250906e+02
1.133380740500025610e+02
1.155401420757533231e+02
1.182328286415809941e+02
1.207815308485746755e+02
1.231838148281039338e+02
1.254849794694917193e+02
1.281343062710262473e+02
1.300864960572348252e+02
1.325123707004369464e+02
1.347962804922616158e+02
1.369237699096901792e+02
1.386369727917267198e+02
1.411795440258001975e+02
1.432061464697311237e+02
1.449635515740519338e+02
1.470009843305700770e+02
1.487060184999995727e+02
1.507996946912162173e+02
1.526604329066525167e+02
1.544007939191907610e+02
1.563455133734325102e+02
1.579427108158611475e+02
1.595298647778348879e+02
1.612103376761815525e+02
1.627768637384409658e+02
1.601566899006795097e+02
1.555461653961409638e+02
1.507072811550620202e+02
1.452721925487416854e+02
1.400054418452604921e+02
1.390160055057743875e+02
1.370690324379755225e+02
1.326320181738086319e+02
1.281522801037613988e+02
1.234180211111665812e+02
1.190380467246158815e+02
1.141580130500350094e+02
1.102760579395364715e+02
1.091075044033518964e+02
1.091075036153001463e+02
1.091074995697382803e+02
1.041968124403207128e+02
1.002747127668105236e+02
9.596881543711687357e+01
9.263098763295144522e+01
8.862665854966815004e+01
8.486487804538410273e+01
8.183761559822136178e+01
7.793407599685451714e+01
7.411925176670305859e+01
7.062290772832055552e+01
6.719391391385212842e+01
6.401199829322121104e+01
6.068247728498072746e+01
5.682105018796769258e+01
5.370186465735481818e+01
5.100430647947104035e+01
4.795909414919049851e+01
4.565128458915687304e+01
4.258313093227816637e+01
3.929388195786151527e+01
3.855825957194728915e+01
3.855825954814834233e+01
3.855825848171049586e+01
3.855825848171454595e+01
3.855825848187694760e+01
3.855825848184024096e+01
3.855825842856330610e+01
3.855825839362434238e+01
3.855825830408016230e+01
3.638525966303451753e+01
3.321619765681983694e+01
3.085567393603580300e+01
2.785171573739530615e+01
2.517994958450852394e+01
2.243415792169791700e+01
1.993837581642047496e+01
1.687873852727101465e+01
1.420408698376705381e+01
1.161649247405287078e+01
8.909658058668679104e+00
6.884113421049995907e+00
6.179025503500760408e+00
3.742693209895168849e+00
1.198188991241472934e+00
-9.702809446400308957e-01
-3.280206317378016934e+00
-5.762129642830633003e+00
-8.100840818915742148e+00
-1.041808601689829317e+01
-1.208332487477313144e+01
-1.386950534041754679e+01
-1.632614574146964870e+01
-1.861606172993894859e+01
-2.048450627238603161e+01
-2.207275155500387598e+01
-2.207275155715930381e+01
-2.207275151814554448e+01
-2.207275135499828167e+01
-2.207273825261367151e+01
-2.207273353130118565e+01
-2.207272299968204621e+01
-2.207272205357187289e+01
-2.347827161131741747e+01
-2.594489531885627898e+01
-2.814009119350694732e+01
-3.027453501593864260e+01
-3.192928603648356756e+01
-3.429375636352126122e+01
-3.616229587983380611e+01
-3.763324474683425080e+01
-3.763324506539183290e+01
-3.777695770281042087e+01
-4.015870139333485866e+01
-4.223147903956437688e+01
-4.425354829495817199e+01
-4.603993964974987563e+01
-4.810637705223741989e+01
-4.996341924731743234e+01
-5.239808077661674446e+01
-5.402710487855116384e+01
-5.600757253504251310e+01
-5.778842155519751600e+01
-5.936058277979921627e+01
-6.091096600729103727e+01
-6.111088912903906589e+01
-6.272994288164193222e+01
-6.467381718856377404e+01
-6.635351428911934590e+01
-6.810116131015193730e+01
-6.947068835198818704e+01
-7.107109871411496727e+01
-7.308398536796703127e+01
-7.487751871999982711e+01
-7.607116971355364399e+01
-7.681655293024439857e+01
-7.674044912882882841e+01
-7.660188380399104346e+01
-7.634644463672623260e+01
-7.607923745619831379e+01
-7.558965662324047230e+01
-7.488046805606120415e+01
-7.383897722790702289e+01
-7.255271090524583144e+01
-7.101439149999188771e+01
-6.903686009800796342e+01
-6.719828662985797507e+01
-6.508892960186678067e+01
-6.281933501512565954e+01
-6.034321394765881763e+01
-5.778927764028550484e+01
-5.538938862393770535e+01
-5.314020047609957942e+01
-5.075675250344519895e+01
-4.827576136875228485e+01
-4.616431768799645852e+01
-4.521784421441302726e+01
-4.274401122206066361e+01
-4.036265931424937747e+01
-3.782833924721310837e+01
-3.796168752759918874e+01
-4.017504666388964552e+01
-4.196361927393292035e+01
-4.299914399530666032e+01
-4.467786529046349386e+01
-4.620074535298832785e+01
-4.795974504417409889e+01
-4.967907047567985046e+01
-5.033831453436921777e+01
-5.033831203487103778e+01
-5.033831206235459632e+01
-5.033815268612043781e+01
-5.031430233049012202e+01
-5.020700650179900038e+01
-5.010275129894272084e+01
-4.982560280927703644e+01
-4.939493407402891734e+01
-4.923669590170085542e+01
-4.905098443099902283e+01
-4.874506964322570468e+01
-4.832926949876956257e+01
-4.779784056606856524e+01
-4.711032833777659334e+01
-4.622161105231835165e+01
-4.494314043461973540e+01
-4.356961641839813382e+01
-4.528636310074548987e+01
-4.698432615391305234e+01
-4.877176631008388341e+01
-5.039588810441597388e+01
-5.153071983536402456e+01
-5.295942529957457623e+01
-5.406534275215051366e+01
-5.548878760038733304e+01
-5.686903571412301517e+01
-5.789945212560634502e+01
-5.789945220164932493e+01
-5.788511164161712230e+01
-5.786566405658346213e+01
-5.773168460266905555e+01
-5.752945829306173664e+01
-5.714274213117109014e+01
-5.662029606153579664e+01
-5.582489770444831834e+01
-5.472542676979720966e+01
-5.357565649422554088e+01
-5.223163248158955696e+01
-5.063582673452443572e+01
-4.942515377136740540e+01
-4.783839761296086124e+01
-4.596533050966384337e+01
-4.483977390869259239e+01
-4.256453470234973224e+01
-4.074997176544747646e+01
-3.864530691938069396e+01
-3.719976509985989566e+01
-3.563448504401389272e+01
-3.399078758920201437e+01
-3.240749704922448160e+01
-3.117645184393310132e+01
-2.930999050949166218e+01
-2.771654208878695158e+01
-2.640277832306354711e+01
-2.471604378010830771e+01
-2.316509163532882809e+01
-2.161399582821199772e+01
-2.005337510941513557e+01
-1.860274157021137853e+01
-1.724622099971223577e+01
-1.571352575778161587e+01
-1.446556083012758087e+01
-1.313480945664824873e+01
-1.170337690299651001e+01
-1.045139749382714101e+01
-9.279089443685503369e+00
-7.932256853295427845e+00
-6.443051577282403741e+00
-5.049951361397447158e+00
-4.091554868759196495e+00
-2.940385524436624820e+00
-2.040149546309386608e+00
-1.744618778267287951e+00
-1.347284684591386394e+00
-6.939790634904881017e-01
-1.278806342616114478e-01
8.574944368417369844e-01
1.939732019000377505e+00
2.889350949786454237e+00
4.077524217905633463e+00
5.296091060925920857e+00
6.426755656693480034e+00
7.565767842864861592e+00
8.737508330226955167e+00
1.015763447441825917e+01
1.136605145097474967e+01
1.250330819485803424e+01
1.378369121489672189e+01
1.497674315849080173e+01
1.580584978543938490e+01
1.706042298760034015e+01
1.807558785788410560e+01
1.931943103466457146e+01
2.051515630210027297e+01
2.139073794455184085e+01
2.254457332493818811e+01
2.361636908358408959e+01
2.475650695846415417e+01
2.557246691131937411e+01
2.645925917057455123e+01
2.747455556178931957e+01
2.852979693999618505e+01
2.961102935348704435e+01
3.042546855019987007e+01
3.150812024784575271e+01
3.245132865532880828e+01
3.318933278039969537e+01
3.413396202923800615e+01
3.493634008117569323e+01
3.588275610825860440e+01
3.683102131218412012e+01
3.783397343577961180e+01
3.882869813107782164e+01
3.962495742667967136e+01
4.066843553878797479e+01
4.152734819962914514e+01
4.225405450370637794e+01
4.290027889449819298e+01
4.378131041711404947e+01
4.457093163456426055e+01
4.542757953796716208e+01
4.618702333886270139e+01
4.713249553198590291e+01
4.799324845748122925e+01
4.896997436802267600e+01
4.967311583528799446e+01
5.055217941480152888e+01
5.125246238611619987e+01
5.193022509289839661e+01
5.282371041576193704e+01
5.365405486307687966e+01
5.441798000704239513e+01
5.515908562925433500e+01
5.611749461495021052e+01
5.685170578759137072e+01
5.753171386083055694e+01
5.826647942914189571e+01
5.896942920779551400e+01
5.966883814897589389e+01
6.031847495105094481e+01
6.110211889761981752e+01
6.135870329225674169e+01
6.135870243166857563e+01
6.135870213775550042e+01
6.135870208925845759e+01
6.060896020212726398e+01
5.870640570548908244e+01
5.722995426365274341e+01
5.545607825567114446e+01
5.406273070392259683e+01
5.287137277962396809e+01
5.213964819591024735e+01
5.213964815488108684e+01
5.213964804922592577e+01
5.213964482792000865e+01
5.213964472806078732e+01
5.123421378348438537e+01
4.971423126651035318e+01
4.832228754656294711e+01
4.673525094133802327e+01
4.522615940357088959e+01
4.408663211653436065e+01
4.237327664727416732e+01
4.101599072571364957e+01
3.922334855376379892e+01
3.775749503122370498e+01
3.647695623674692200e+01
3.501521869635237749e+01
3.359828314595887377e+01
3.214719531300151800e+01
3.070724914047757892e+01
2.965743833052946599e+01
2.838111845984665393e+01
2.704229658602505992e+01
2.560426922389476445e+01
2.415038382124186711e+01
2.288065819587638217e+01
2.257820501020763970e+01
2.257820503772495968e+01
2.257820827666960284e+01
2.257831491284564152e+01
2.257958825361561139e+01
2.258206932337073169e+01
2.258569223500950329e+01
2.238276862575258974e+01
2.102340180460921104e+01
1.962463680532847832e+01
1.825900525503383420e+01
1.681015659649950678e+01
1.625281500887427910e+01
1.589282212678074124e+01
1.484069561892684597e+01
1.361254611947441084e+01
1.207743545927745643e+01
1.069858559921021524e+01
9.410541975318913899e+00
8.245041197523956811e+00
7.117334482268649509e+00
6.022940377174002435e+00
4.857822944517625530e+00
3.602325141330101843e+00
2.312787013721393947e+00
1.904824708974938829e+00
9.941857527561630548e-01
-3.601394721344881589e-01
-1.518052579151241588e+00
-2.494739616193175635e+00
-3.873004699026044051e+00
-5.009704467454128007e+00
-5.989562252708608980e+00
-6.693459135205728217e+00
-7.771855743484099577e+00
-8.667608329703963221e+00
-9.840562273589320341e+00
-1.109257550027560413e+01
-1.225232563355391058e+01
-1.340467752551888836e+01
-1.473771282857310894e+01
-1.589112716549972859e+01
-1.696648241501430476e+01
-1.807219250117491782e+01
-1.880612735417703263e+01
-1.998621591114267559e+01
-2.100674730210198859e+01
-2.172586394432001811e+01
-2.172586416379711238e+01
-2.214077645161320618e+01
-2.214077648052638381e+01
-2.281828351865549820e+01
-2.281844454412099310e+01
-2.281844453366203851e+01
-2.281844453239864023e+01
-2.281844452637923837e+01
-2.281844407200403424e+01
-2.281844406524425750e+01
-2.281844368657684896e+01
-2.332387505092125224e+01
-2.435211261625075707e+01
-2.550031314152942485e+01
-2.653216737534847880e+01
-2.735117695863976550e+01
-2.848726794682361074e+01
-2.860395504923443966e+01
-2.929098024926702948e+01
-3.042556067819747412e+01
-3.145605626045573899e+01
-3.239511111044285485e+01
-3.282673069000911426e+01
-3.282672469221706280e+01
-3.284297947207053880e+01
-3.377473555981597997e+01
-3.475258938281773169e+01
-3.556961126737392220e+01
-3.651628310453688897e+01
-3.769072599973609528e+01
-3.782616718149643731e+01
-3.806856949373826637e+01
-3.926490163459840232e+01
-4.012439703311871853e+01
-4.080839897242841374e+01
-4.176377406776150991e+01
-4.280291144033614614e+01
-4.388348893363853875e+01
-4.483414100650001899e+01
-4.490743557906699834e+01
-4.488565820145903729e+01
-4.486701721519686714e+01
-4.486670485919421481e+01
-4.486540268374793072e+01
-4.485652471700763044e+01
-4.484236619696277870e+01
-4.481534472395810553e+01
-4.475906176236637890e+01
-4.467013267144281485e+01
-4.459620046865417464e+01
-4.448667635031785039e+01
-4.431403544166381181e+01
-4.411232746680785510e+01
-4.388826314155488717e+01
-4.362568003857925447e+01
-4.331628756923660717e+01
-4.297898384175704223e+01
-4.254744085913367968e+01
-4.198197092369970562e+01
-4.147772862436598018e+01
-4.100537720476405923e+01
-4.038028819133877079e+01
-3.979843477777435368e+01
-3.907942857050488783e+01
-3.849460269590669270e+01
-3.775883642223011094e+01
-3.695940318849970652e+01
-3.602084216094677060e+01
-3.492560337799120873e+01
-3.381921346966211672e+01
-3.294042985894913045e+01
-3.200596725056107061e+01
-3.098050224468543590e+01
-2.995556962815437529e+01
-2.874044928948115896e+01
-2.752982039513751289e+01
-2.640666667486316399e+01
-2.518127371225632771e+01
-2.388528332799012688e+01
-2.288033858796314135e+01
-2.171101751891368536e+01
-2.051387616115604473e+01
-1.925596834643958033e+01
-1.806232321107369643e+01
-1.688611074824100200e+01
-1.578032752448292264e+01
-1.463080014797756867e+01
-1.355541660336524146e+01
-1.247571984824879543e+01
-1.135426040243296342e+01
-1.011183093807775890e+01
-8.699260102522888616e+00
-7.486800108883187477e+00
-6.447100122148217594e+00
-5.295345273318400103e+00
-4.172533823023041322e+00
-3.191393184903379421e+00
-2.039173038088925694e+00
-1.456210741683086951e+00
-6.917680602645752685e-01
1.678995698604772713e-01
1.257253605613197323e+00
1.884211850121221943e+00
2.897429486721872394e+00
3.745165718542416755e+00
4.689030742195534174e+00
5.680556876284860834e+00
6.541621433735151925e+00
7.666158595684184007e+00
8.740219279641781469e+00
9.476705999869745156e+00
1.050095238512875895e+01
1.140647954542605014e+01
1.235777187754756845e+01
1.332933264722158562e+01
1.446892620970074361e+01
1.516976171337934964e+01
1.594894940968489827e+01
1.655864683816137273e+01
1.742711560041086472e+01
1.813875462227091617e+01
1.893367454507499303e+01
1.979046316349395340e+01
2.037990519041368032e+01
2.107791094989905289e+01
2.186592274263995250e+01
2.265108446575573709e+01
2.312704099867396934e+01
2.382512253136151159e+01
2.474151025563545048e+01
2.556934045479744100e+01
2.637241028316686098e+01
2.728061489544620954e+01
2.806491995936445605e+01
2.900566849790409307e+01
2.940205895346256426e+01
3.022178719929715385e+01
3.082336806439941412e+01
3.150349548529788635e+01
3.237799071466035628e+01
3.306971914969393822e+01
3.348198678955582608e+01
3.437134498354635781e+01
3.516163619864468615e+01
3.574601275635714615e+01
3.653356873939364391e+01
3.740230331727560298e+01
3.805414807008736489e+01
3.880417416124086571e+01
3.942043009213122673e+01
4.025398005360239040e+01
4.113295282496406458e+01
4.178948506679436292e+01
4.231559333068341289e+01
4.231577807969169669e+01
4.231578201155077323e+01
4.215387363694552647e+01
4.103871842797050107e+01
4.009742064720232690e+01
3.904859653921266016e+01
3.840810045650324156e+01
3.741332270344838662e+01
3.635642377442989925e+01
3.535038431363081202e+01
3.445493045105746432e+01
3.349233596813296288e+01
3.298200806575685817e+01
3.218864508029226101e+01
3.110987359409643815e+01
2.994131131246412636e+01
2.897083086858665979e+01
2.812963067375095250e+01
2.725550365428761523e+01
2.627996504185507831e+01
2.544197672511501906e+01
2.457202149404543690e+01
2.345670925331027590e+01
2.251243436861712865e+01
2.154778425296002098e+01
2.060967455976151186e+01
1.977337057744636084e+01
1.889855152621886702e+01
1.790755265494174253e+01
1.715643610664333352e+01
1.634461060199664217e+01
1.553030743899687138e+01
1.479383829486682167e+01
1.397959601607156266e+01
1.330435334359381194e+01
1.330435331382479447e+01
1.330435331309380942e+01
1.330435331400083143e+01
1.330435329420085644e+01
1.330435328520406379e+01
1.330435328420894159e+01
1.280134010628711749e+01
1.209875283988381689e+01
1.114599084204847479e+01
1.012545276446818932e+01
9.301653730091402394e+00
8.444580390067709885e+00
7.610560493319294295e+00
6.794215484032811503e+00
5.993396996850780312e+00
5.014986732610886122e+00
4.184914314693283899e+00
3.478370292054385970e+00
2.683645119140777524e+00
1.788882259209323422e+00
1.402769571525602998e+00
1.404120450749665849e+00
1.413732883950892472e+00
1.426533136296679771e+00
1.434302314504112275e+00
1.435431696051050920e+00
1.440513381792349890e+00
1.444557248547173600e+00
1.449968391850113392e+00
1.456080002981053667e+00
1.469464811702081875e+00
1.478328361313881345e+00
1.487871552282221899e+00
1.503449890156439039e+00
1.511032984828695191e+00
1.528706760106359752e+00
1.549442957796252074e+00
1.568992476042932793e+00
1.589982705156181453e+00
1.618204261102256680e+00
1.653005300002114097e+00
1.686519073695873061e+00
1.730257503165027799e+00
1.778107241833897234e+00
1.817196476115420012e+00
1.858618379681896471e+00
1.897495042221429173e+00
1.933883503304503648e+00
1.988576912263713581e+00
2.046534937023292144e+00
2.097512991800378757e+00
2.149778457692804068e+00
2.210038151652870653e+00
2.254823053280901490e+00
2.341590544733097801e+00
2.424238389796336435e+00
2.479915637166492104e+00
2.581659244683681464e+00
2.645547019790353005e+00
2.731345746428029742e+00
2.836282682526324095e+00
2.961200586651802524e+00
3.058376889622600459e+00
3.159122192586824696e+00
3.251323365269229271e+00
3.372224998548539077e+00
3.506747444928947743e+00
3.606275017235756053e+00
3.739874052261622950e+00
3.879206512078777536e+00
4.012940021158595272e+00
4.158552785052901157e+00
4.362248138293750799e+00
4.526579812441703154e+00
4.698478810497221048e+00
4.808183970005011076e+00
4.976337262088378566e+00
5.153663525538242141e+00
5.364080358665148651e+00
5.510028352674854801e+00
5.697065774336891764e+00
5.856075517716334389e+00
6.036189249655208755e+00
6.286065582572636146e+00
6.466278441462169013e+00
6.704300479481496211e+00
6.944962807719843312e+00
7.201826399805014489e+00
7.549496584523360809e+00
7.838181380363678841e+00
8.077374729007601672e+00
8.390912684246966791e+00
8.654154105537411823e+00
8.957239964556769962e+00
9.206804861743108859e+00
9.555868991699075110e+00
9.844316645129687515e+00
1.018262250881758035e+01
1.051273676777074684e+01
1.082211922069136989e+01
1.115611993041087047e+01
1.146904123699607680e+01
1.175929983232117948e+01
1.217421011741273063e+01
1.251884619315795533e+01
1.280201661305660643e+01
1.312731625111967304e+01
1.352011698086878333e+01
1.393639492032888505e+01
1.432357791753556064e+01
1.478519084799914829e+01
1.524934298199029392e+01
1.567404679849197180e+01
1.610793432427225724e+01
1.646770974054741288e+01
1.694325407828642582e+01
1.745166857694666973e+01
1.795998410110129129e+01
1.837890575263473636e+01
1.883122747554373078e+01
1.928204001354094643e+01
1.984841516720163668e+01
2.039367074267143920e+01
2.072071451904679407e+01
2.089138432890572616e+01
2.136953655227198112e+01
2.189100978322840518e+01
2.243145653536055661e+01
2.301856493856905672e+01
2.367175788170941431e+01
2.414509665076154832e+01
2.458721227611069082e+01
2.439232059869114266e+01
2.376602222202657089e+01
2.290856549939826436e+01
2.211521402965170324e+01
2.126963761896578831e+01
2.034908088619742017e+01
1.983731421378127635e+01
1.908218934307926062e+01
1.837638686698829815e+01
1.837638664793556842e+01
1.837638653536657785e+01
1.837638633853900672e+01
1.837638627851724493e+01
1.823753496155292453e+01
1.789628918377499645e+01
1.749398895646753260e+01
1.749398895633364504e+01
1.749398895860574754e+01
1.749398896049711993e+01
1.749398896119680202e+01
1.749398896323099706e+01
1.749398896281946492e+01
1.749398748694909500e+01
1.749398750132590052e+01
1.749398750138265157e+01
1.712211369831985763e+01
1.664279161234901139e+01
1.574368343003750859e+01
1.488323895238716688e+01
1.402847160793977110e+01
1.332866628485059124e+01
1.246576744722996821e+01
1.171983789407120824e+01
1.092167426923989026e+01
1.000941661512038650e+01
9.246054550457390775e+00
8.402057583791350481e+00
7.561884429846781330e+00
6.673895996718485435e+00
5.880553036426437785e+00
5.123406232934495819e+00
4.330881675937078512e+00
4.247270950961780756e+00
3.975480607918079556e+00
3.223187813547134795e+00
2.483149390052307837e+00
1.975023140921731368e+00
1.975021685789904780e+00
1.316128274964906808e+00
4.617473783438121870e-01
-3.344407804954769858e-01
-1.121139877391247097e+00
-1.798219286378461845e+00
-2.612589768276915692e+00
-3.309740610375541792e+00
-4.026854453060416006e+00
-4.863825158796590387e+00
-5.642010568904193946e+00
-6.368161150073735399e+00
-7.122373844546284971e+00
-7.797508998543236203e+00
-8.450023757478827946e+00
-9.157328713085249206e+00
-9.807081873728042964e+00
-1.032685624484416742e+01
-1.102090763851686539e+01
-1.184885149685627503e+01
-1.254186493939755209e+01
-1.316534018002640671e+01
-1.395552732839229648e+01
-1.460653070435047240e+01
-1.540250016558662161e+01
-1.599155801411578004e+01
-1.612675291423526858e+01
-1.612675280833576608e+01
-1.612675277652195760e+01
-1.612267838930836916e+01
-1.608904688735448474e+01
-1.595972769380345824e+01
-1.581360407449659355e+01
-1.555874740270782297e+01
-1.507986089394858986e+01
-1.467390354650199846e+01
-1.433986268811647591e+01
-1.376050242071914909e+01
-1.316027788756574068e+01
-1.249896240690906168e+01
-1.171939878452968209e+01
-1.095582141910606211e+01
-1.011363151881739064e+01
-9.283855214081924601e+00
-8.507440750983777278e+00
-7.698026218122087982e+00
-6.906945641841609529e+00
-6.173068873899246967e+00
-5.318739531622188821e+00
-5.125720010182192254e+00
-5.125720010148484107e+00
-5.125719991691205735e+00
-5.125718968355258198e+00
-5.125715363122779422e+00
-5.125707330287909258e+00
-5.125703602967643491e+00
-5.125698968924837118e+00
-5.125656913252850444e+00
-5.125497456801468843e+00
-5.125449943826485111e+00
-5.125365465638832774e+00
-5.125024426107767539e+00
-5.124770982047632373e+00
-5.124341475882722818e+00
-5.124069367264802111e+00
-5.123908893264065512e+00
-5.123584755235054189e+00
-5.123552476154568325e+00
