-7.551838165716867479e+01
-7.214020357877555512e+01
-7.061257635134882094e+01
-2.553906786440280996e+01
-2.881051313741841824e+01
-4.457728174228356721e+01
-5.735175298617627959e+01
-6.886688719200029141e+01
-7.388392849797395456e+01
-7.296807624653041557e+01
-7.354001562201199249e+01
-7.582053665214975524e+01
-7.728449939417768633e+01
-7.658773330408128288e+01
-7.516773301285680020e+01
-7.669027303640558557e+01
-7.773169786572262296e+01
-7.706752787514352576e+01
-7.646233201839044114e+01
-6.613716402531775884e+01
-5.028466093283708460e+01
-3.815532199367768840e+01
-2.647053777091373306e+01
-2.469995739739145080e+01
-2.997992348065019286e+01
-3.553593834875214696e+01
-4.024174906893550485e+01
-4.571348542626554234e+01
-4.961567103758464725e+01
-5.307125760275393134e+01
-5.622712583924609930e+01
-6.034774155377175475e+01
-6.418478434686211642e+01
-6.710752511163177303e+01
-6.990341363897802296e+01
-7.201396833267554598e+01
-7.452847029814152791e+01
-7.558022797547722860e+01
-7.634656853391904008e+01
-7.551926366755274955e+01
-7.375701453343982905e+01
-7.535659583905649583e+01
-7.644805497223011059e+01
-7.850356714798337521e+01
-7.894712632507581418e+01
-7.784419606031133299e+01
-7.271650133390106419e+01
-6.267583681755602498e+01
-5.217388457194086016e+01
-5.385286464234281567e+01
-5.666073544441208298e+01
-5.896283863659702718e+01
-6.078480920206479965e+01
-6.293793290324637724e+01
-6.469032881589511419e+01
-6.637764295598398689e+01
-6.822404682949010635e+01
-6.985219299984544250e+01
-7.107211504601832530e+01
-7.266354161309638471e+01
-7.345641151893106269e+01
-7.425689783351765527e+01
-7.460997520747723399e+01
-7.516731004515050074e+01
-7.612565652674904015e+01
-7.645185391609615522e+01
-7.687087105100613371e+01
-7.689485185525518318e+01
-7.689183061622259174e+01
-7.676126894795160638e+01
-7.584703558555821701e+01
-7.328701977313845362e+01
-6.892563652087575576e+01
-6.334897556423547371e+01
-5.946474327035894447e+01
-5.420576122325249457e+01
-5.489787236102166901e+01
-5.674530580333679097e+01
-5.848912574156176447e+01
-6.042430389718387573e+01
-6.189891808223276826e+01
-6.339191260715363541e+01
-6.485033814551756848e+01
-6.616754365308122487e+01
-6.747555459523491095e+01
-6.873041260976184219e+01
-6.983388840603275582e+01
-7.095348829219085474e+01
-7.204343714597540327e+01
-7.338615643317223203e+01
-7.423321276798139934e+01
-7.473797788545616072e+01
-7.526473102205162036e+01
-7.595544592443530973e+01
-7.643886202388615914e+01
-7.646126434045197584e+01
-7.639758718128217652e+01
-7.627349860182303587e+01
-7.625852516794097369e+01
-7.616677845953404358e+01
-7.616606252580589853e+01
-7.615513008278709606e+01
-7.607361612884972146e+01
-7.575549490656352702e+01
-7.481408671619080053e+01
-7.328250277811760327e+01
-7.081320561287601834e+01
-6.823253949681445363e+01
-6.504063358145016593e+01
-6.225504768082060991e+01
-5.936205950729153358e+01
-5.624665892027302760e+01
-5.352835943766811511e+01
-5.073832642803500903e+01
-4.854139733119336597e+01
-4.641318284825455009e+01
-4.377458056761062721e+01
-4.112869084104491435e+01
-3.909280677834539830e+01
-3.673393628449792914e+01
-3.479311094306454777e+01
-3.293047440291861250e+01
-3.090625160209911115e+01
-2.900579737371386813e+01
-2.725098884520753728e+01
-2.535495100172904870e+01
-2.492724635792939836e+01
-2.629669525939029739e+01
-2.777743394251873355e+01
-2.893927478746743986e+01
-3.001020585593676770e+01
-3.125300407987723972e+01
-3.254398449889843903e+01
-3.366660353199147693e+01
-3.471572977977764651e+01
-3.600576510151614684e+01
-3.719426160432026052e+01
-3.825662029447531154e+01
-3.942405064275308035e+01
-4.053159747989796813e+01
-4.163690889557408070e+01
-4.230318075770193076e+01
-4.340046401439277446e+01
-4.437879947148724114e+01
-4.555124909268540989e+01
-4.634678220473495713e+01
-4.744741732264980527e+01
-4.836723724690392601e+01
-4.941710935261393445e+01
-5.025934890814869505e+01
-5.123355993540650388e+01
-5.207447827733863477e+01
-5.302459761917165082e+01
-5.404439860123639505e+01
-5.498479828454485130e+01
-5.587237819297037333e+01
-5.682299891841465467e+01
-5.777510788683856902e+01
-5.877580475573405749e+01
-5.961314587992992386e+01
-6.034706759985814273e+01
-6.109724683067942408e+01
-6.174550083524378863e+01
-6.271024293451391429e+01
-6.343484108132639676e+01
-6.418125705060273845e+01
-6.495892820979284465e+01
-6.577788561863948757e+01
-6.641390690394273122e+01
-6.717726889518652911e+01
-6.786495520171106932e+01
-6.853840972338745985e+01
-6.829013085757776480e+01
-6.888246892381792463e+01
-6.950831741640530481e+01
-7.015610773165954583e+01
-7.064883545581201929e+01
-7.122207632445704917e+01
-7.181670586919200616e+01
-7.220919976515912708e+01
-7.281889470012774268e+01
-7.309701730626619565e+01
-7.328250772536918589e+01
-7.352133951594861117e+01
-7.399803243994998070e+01
-7.051680439133419043e+01
-6.714079096131469271e+01
-6.328211507709657724e+01
-5.955447768442154910e+01
-5.671660856008267615e+01
-5.386581712491130247e+01
-5.118439474186588711e+01
-4.870064206876978119e+01
-4.776981702456819789e+01
-4.756926236368565242e+01
-4.709795240060391563e+01
-4.647153831323957718e+01
-4.573700730149985816e+01
-4.484820653533147095e+01
-4.350513669500372771e+01
-4.223466946774643560e+01
-4.071374898018876820e+01
-3.942504860040121883e+01
-3.803142958386266059e+01
-3.665568365299049702e+01
-3.577557293241918046e+01
-3.580686809870331899e+01
-3.646787038397000202e+01
-3.708473311241638015e+01
-3.789458768066409533e+01
-3.871012272864564352e+01
-3.948855517583931629e+01
-4.022466471861240223e+01
-4.094689510564106172e+01
-4.179072093058314863e+01
-4.255867527744554479e+01
-4.331836213638082711e+01
-4.401724826178129035e+01
-4.467443077939697105e+01
-4.535654017194266174e+01
-4.607591374643894966e+01
-4.671952605242073275e+01
-4.746252067047419132e+01
-4.809046415327658508e+01
-4.868722467529189402e+01
-4.922973592361963568e+01
-4.987545005198862214e+01
-5.022431804683364476e+01
-5.077042120516831147e+01
-5.134079822464027387e+01
-5.185349444013894527e+01
-5.254340680638547667e+01
-5.323593365640615360e+01
-5.375016071237230619e+01
-5.443973102590684476e+01
-5.506314699485157149e+01
-5.554757166327217988e+01
-5.611062128852712760e+01
-5.664435826264315921e+01
-5.720686293200881778e+01
-5.780264030231932537e+01
-5.841328112627391533e+01
-5.891933070953371754e+01
-5.941326175298223689e+01
-5.997082139702870762e+01
-6.040559578117429851e+01
-6.100569106902429439e+01
-6.144263875704892541e+01
-6.193767400453683791e+01
-6.243311299828685890e+01
-6.292499153361895026e+01
-6.329423190759734297e+01
-6.368446158133173896e+01
-6.419990230164444256e+01
-6.470197183082686365e+01
-6.513429462378448420e+01
-6.555467897311100955e+01
-6.612552310628143459e+01
-6.667839952838581041e+01
-6.704771519445046124e+01
-6.743281847102318238e+01
-6.780849288698632904e+01
-6.825096442089861171e+01
-6.857964203814006510e+01
-6.897150289872270434e+01
-6.923009108965453606e+01
-6.963077876584974035e+01
-7.001814322060795348e+01
-7.042494457169301825e+01
-7.071521263729981399e+01
-7.102634745857911014e+01
-7.132729127172979133e+01
-7.158239478755315588e+01
-7.188845616063304078e+01
-7.219262640204652826e+01
-7.252844636552973157e+01
-7.273238486345996989e+01
-7.309428288418475006e+01
-7.331206684575782617e+01
-7.346162412333259795e+01
-7.371571578944957537e+01
-7.400031075346954879e+01
-7.417689798764354236e+01
-7.435055979211017529e+01
-7.457881780791183246e+01
-7.480625214097466369e+01
-7.493201497340673711e+01
-7.492088331900056630e+01
-7.481997959438177759e+01
-7.458367692581627750e+01
-7.412621276231644174e+01
-7.359574838068199654e+01
-7.289546618503048592e+01
-7.194994175499823541e+01
-7.088204622956402545e+01
-6.975436201155015681e+01
-6.856588367875754386e+01
-6.705152826221858220e+01
-6.568699325449988180e+01
-6.429718441087111103e+01
-6.294629630173773904e+01
-6.165781597868748065e+01
-6.029356126116144310e+01
-5.901487438524026885e+01
-5.795710805770572449e+01
-5.665661586035311359e+01
-5.538463540692744402e+01
-5.418131854682678750e+01
-5.307299204511677715e+01
-5.192213522184797370e+01
-5.074226200864676173e+01
-4.967055042498807893e+01
-4.779781430771118522e+01
-4.609517180251451407e+01
-4.627853414585622716e+01
-4.675911560389288013e+01
-4.726323204384821963e+01
-4.774933709325808451e+01
-4.818700210900200176e+01
-4.853151365263394723e+01
-4.899672412854860681e+01
-4.936838255242686557e+01
-4.984688466660452377e+01
-4.935936561820551560e+01
-4.862893201366880191e+01
-4.786481809811538568e+01
-4.710336053431971948e+01
-4.646859250449244882e+01
-4.555885206718762248e+01
-4.478459701664180415e+01
-4.397027403495156506e+01
-4.365107646991326362e+01
-4.415244304197437231e+01
-4.464091185698484310e+01
-4.514302015933286327e+01
-4.561786324553846583e+01
-4.605582175015196356e+01
-4.643024615657162002e+01
-4.682519954847929000e+01
-4.725369174115789406e+01
-4.768741646615871588e+01
-4.812498692270462186e+01
-4.857975061303829278e+01
-4.883247116298051793e+01
-4.761374640703179750e+01
-4.782762707391585622e+01
-4.831923808045678470e+01
-4.870454190646537285e+01
-4.903995447742085645e+01
-4.944683904238478078e+01
-4.986251983485112760e+01
-5.034303765689129051e+01
-5.078717987279863166e+01
-5.122357540231415385e+01
-5.152393775478012827e+01
-5.194927020150191055e+01
-5.230335135654892298e+01
-5.268861466054194409e+01
-5.309506944181067922e+01
-5.350888265776991659e+01
-5.388344833831322944e+01
-5.422416178885559646e+01
-5.453120392280327167e+01
-5.491407826697046346e+01
-5.535671168355609240e+01
-5.573174465195262428e+01
-5.614396004295561937e+01
-5.649480519079422436e+01
-5.679684331164924060e+01
-5.715261927302935874e+01
-5.752449706932273443e+01
-5.784974105918248455e+01
-5.817381619010289739e+01
-5.823034463502359870e+01
-5.756746721829210145e+01
-5.687460012135818488e+01
-5.594229514378254464e+01
-5.493148972782744011e+01
-5.371861221376395434e+01
-5.246359907270476697e+01
-5.244356163708921770e+01
-5.244355660929306850e+01
-5.244310460338553526e+01
-5.244248613511072676e+01
-5.244185610252351637e+01
-5.243863917685917642e+01
-5.243146209966190696e+01
-5.241733122157259572e+01
-5.240072109856089355e+01
-5.237551108250954712e+01
-5.233016362771953567e+01
-5.224524605921039466e+01
-5.213838309591891118e+01
-5.198507095066158001e+01
-5.180530752382733795e+01
-5.157521041379057181e+01
-5.133059481495823206e+01
-5.101081045772767908e+01
-5.060034124429315483e+01
-5.003568799867736772e+01
-4.936110281736543470e+01
-4.880540225282005196e+01
-4.808797706722837972e+01
-4.750351382175236381e+01
-4.673671060031830393e+01
-4.588469842801814025e+01
-4.515490347154005946e+01
-4.438554234535521914e+01
-4.367330173988446518e+01
-4.296110500774953778e+01
-4.226722650274103898e+01
-4.156411663905348064e+01
-4.079757840238875843e+01
-4.010413716746420931e+01
-3.936589512884606279e+01
-3.862959839649457194e+01
-3.797679158972395186e+01
-3.728138773828032271e+01
-3.656716990864244110e+01
-3.585934152260330166e+01
-3.519785385662048327e+01
-3.460953733254899589e+01
-3.388182563965349914e+01
-3.339762100429081215e+01
-3.270660001773398307e+01
-3.205131426632456737e+01
-3.141538536809456872e+01
-3.082941793100037131e+01
-3.029336990759525250e+01
-3.076507457271810964e+01
-3.121931181414627332e+01
-3.157392869352451470e+01
-3.197497886376586962e+01
-3.234490372073171471e+01
-3.275806463794104673e+01
-3.309263865723025333e+01
-3.346114062499274411e+01
-3.391463319517788477e+01
-3.424584547523496525e+01
-3.460637235338049322e+01
-3.489605679046054831e+01
-3.532021250503544252e+01
-3.563681007377802246e+01
-3.600884643690497455e+01
-3.638306114371995648e+01
-3.664769203380465967e+01
-3.701894845515224830e+01
-3.738517935747313459e+01
-3.773044397736157407e+01
-3.806585964128394295e+01
-3.843789129694956586e+01
-3.878225955223962984e+01
-3.907746621160789857e+01
-3.942830859742226579e+01
-3.974258206372562086e+01
-4.010376968740027337e+01
-4.050571838690596138e+01
-4.087372125098698916e+01
-4.098505450339509082e+01
-4.054405535995508103e+01
-3.994256502888057980e+01
-3.924814082138479421e+01
-3.865667500825013292e+01
-3.797176698489576552e+01
-3.754489205605123203e+01
-3.794342388482567685e+01
-3.829508434456194266e+01
-3.866038312426231016e+01
-3.902622221344282138e+01
-3.939520763901475675e+01
-3.970217566701227696e+01
-4.005096337488365776e+01
-4.038076908017952604e+01
-4.071635746813205259e+01
-4.107832295112295640e+01
-4.136440601761385949e+01
-4.168483305086078872e+01
-4.200003159699380006e+01
-4.230212284278486834e+01
-4.260278075439914858e+01
-4.295907282480431633e+01
-4.323090004146680343e+01
-4.357098434911009122e+01
-4.390806649939474937e+01
-4.424061000243281683e+01
-4.456045533162856032e+01
-4.490197553873575487e+01
-4.517209491208340211e+01
-4.545475535479202733e+01
-4.578467857657574314e+01
-4.611856131955443772e+01
-4.642483524132507711e+01
-4.668263431937585750e+01
-4.696059839734527941e+01
-4.726279081777749980e+01
-4.752099549151087388e+01
-4.783975634291433465e+01
-4.812040790233262300e+01
-4.843678826411382943e+01
-4.844807296137026498e+01
