-2.360635598919404288e+01
3.498607583648098540e+00
3.259337817226047918e+01
5.328903940694291919e+01
5.632152634379943379e+01
5.400921176565299220e+01
4.840432638469667381e+01
2.659325872436922822e+01
9.133377000586600403e+00
-4.157915910414657468e+00
1.431553242984507968e+01
3.060928754313721356e+01
1.975369193196041806e+01
1.525909786341216190e+01
4.654302836072888638e+00
-4.895544786369383949e+00
-6.095805713285879612e+00
-4.674651489653917302e+00
-3.200552690349884877e+00
2.872942880708658109e+00
1.128326306995169936e+01
1.736241702333550663e+01
2.497519582477500677e+01
3.000893056121647362e+01
3.553702197367120874e+01
4.074267423434712043e+01
4.525541598983009806e+01
4.967498930818520364e+01
5.380930275434358379e+01
5.661606155169575061e+01
5.829229603152325012e+01
5.745607678631227344e+01
5.783630000164007612e+01
5.827229617986827748e+01
5.854320750268956886e+01
5.857235091771237023e+01
5.683302558072688271e+01
5.654131002830833097e+01
5.530017117998802689e+01
5.164111852457504170e+01
4.611347539977823118e+01
3.948888201487725524e+01
3.519899404327497905e+01
3.074646323623758803e+01
2.584860150104776011e+01
2.101463741918527361e+01
2.114368262873172455e+01
2.275580983394825196e+01
2.557120107854444768e+01
2.825546600196360814e+01
3.077699226435001378e+01
3.160440477455483332e+01
3.216061917919693514e+01
3.261638756056127164e+01
3.319845930750267371e+01
3.446268320149956566e+01
3.633332828633907496e+01
3.835108097890963563e+01
4.086945355570546212e+01
4.336913379110937683e+01
4.549582162663327267e+01
4.741168812271561706e+01
4.970659974175347884e+01
5.156240702706126200e+01
5.320178676575295640e+01
5.412928948435349241e+01
5.494361778981552646e+01
5.428161116108634587e+01
5.273088330371921018e+01
5.029458213924512222e+01
4.713279092627717404e+01
4.366616292267686106e+01
4.058012559873913716e+01
4.043620521843708104e+01
3.744569605994266226e+01
3.483473230152443989e+01
3.161036120910740266e+01
2.905664703713195252e+01
2.592445374999165963e+01
2.352498305302061965e+01
2.110280014005881100e+01
1.922164256916205716e+01
1.920947681158422427e+01
1.747244633062269514e+01
1.465117349037313410e+01
1.202716274008892228e+01
9.681874078839795672e+00
7.515484869927254508e+00
5.359472733033809888e+00
3.534117759644638035e+00
2.035133326695451217e+00
4.342867565141135699e+00
7.194782208579807659e+00
1.002757348132325532e+01
1.211513373019547934e+01
1.354223577365971209e+01
1.562478686108305226e+01
1.764703129825658579e+01
1.991666279608367773e+01
2.187348695534254617e+01
2.388044001247298098e+01
2.606986529594131952e+01
2.830803055298456883e+01
2.954887327988785017e+01
3.087171661727305860e+01
3.210910261629533125e+01
3.349416665140421401e+01
3.490365309460909771e+01
3.585997443277940278e+01
3.696742446604882559e+01
3.805160372749238462e+01
3.862022321290191940e+01
3.926342760863956727e+01
3.923502768573017363e+01
3.942351420938508966e+01
3.914784375691360196e+01
3.847566916755771871e+01
3.776724169738535863e+01
3.661535998999388397e+01
3.516716619469660543e+01
3.343332139830258143e+01
3.339033062786946005e+01
3.423536395922202047e+01
3.525911103876739361e+01
3.651879435730296564e+01
3.787785015209727391e+01
3.913851929372447103e+01
4.037892676284410243e+01
4.143867320060541459e+01
4.244623648095937796e+01
4.358109794652585833e+01
4.441066364380571940e+01
4.538033178964021630e+01
4.620712458050342519e+01
4.670204652284704139e+01
4.710960251111696095e+01
4.738311151191810922e+01
4.758989097964959569e+01
4.790563397802852563e+01
4.828205497923600831e+01
4.860803182148070789e+01
4.814736427961743459e+01
4.786793787019028201e+01
4.748399844485953736e+01
4.688073357160820365e+01
4.606081413963282500e+01
4.524244556100186543e+01
4.407840962911166116e+01
4.279019103105670752e+01
4.126908416995132001e+01
3.994750668482451772e+01
3.859015603848489917e+01
3.730398268239034820e+01
3.570933188852387019e+01
3.423166605260195894e+01
3.283584418390914550e+01
3.137944859685951116e+01
3.003785289889160026e+01
2.860089119206843122e+01
2.743080683569849398e+01
2.615137170655414423e+01
2.484711503202957061e+01
2.343518513602928266e+01
2.219689875004731761e+01
2.096924229641054893e+01
2.032449266583505221e+01
1.934943561602349860e+01
1.830236269396737470e+01
1.832848232480863260e+01
1.837780021554415555e+01
1.846647126156792496e+01
1.802021169980854864e+01
1.678404710999748772e+01
1.562060391819827743e+01
1.455122875937026450e+01
1.339511898450783178e+01
1.224809645555309068e+01
1.148832422710964352e+01
1.228647528187663518e+01
1.371345216208268525e+01
1.490849608369931545e+01
1.577808105723376286e+01
1.680597257369133501e+01
1.780345485410771644e+01
1.892605962821724574e+01
1.996206972288354109e+01
2.100893080421268166e+01
2.196994658271350431e+01
2.287255049982482547e+01
2.380245392068911769e+01
2.465859985778599395e+01
2.559266847293798719e+01
2.644129517610564406e+01
2.725284354538398901e+01
2.813336746294374535e+01
2.900104458557768794e+01
2.974210454522319935e+01
3.039279233764001020e+01
3.107948132967328192e+01
3.186731316116193113e+01
3.261946252743184260e+01
3.324252417712411045e+01
3.405066834462159875e+01
3.474915466275268017e+01
3.541864970554941294e+01
3.612244751997280900e+01
3.683932593620893670e+01
3.742292474530573543e+01
3.804184578683792495e+01
3.874630914581939578e+01
3.932197200565217088e+01
3.994770275901720424e+01
4.050749952526395248e+01
4.114700692848838059e+01
4.174843685812230376e+01
4.223430639475609638e+01
4.281624276995151490e+01
4.331915479042180550e+01
4.379196405391071778e+01
4.430045491340582231e+01
4.480073613221617279e+01
4.524535641510369999e+01
4.549547594086656233e+01
4.580840510505323238e+01
4.603325672174717198e+01
4.631545596316592395e+01
4.600553626308511213e+01
4.520333271428394539e+01
4.449881420359319861e+01
4.374302990681147918e+01
4.267358201707556020e+01
4.174812699819749184e+01
4.087637027310154281e+01
3.984281223928076088e+01
3.880258319454274840e+01
3.767417170805364890e+01
3.666705647003219326e+01
3.583024563230523540e+01
3.484776298666878347e+01
3.399401142114996333e+01
3.311638337652739494e+01
3.216340904874654427e+01
3.133623571684515952e+01
3.031206619297387306e+01
2.947121571456769829e+01
2.851903261498845410e+01
2.782459033359252132e+01
2.700159297559027038e+01
2.620522296035566967e+01
2.555643733497124970e+01
2.556025673986369640e+01
2.557339944133178733e+01
2.559509280247838348e+01
2.562419426410597367e+01
2.567174012646076520e+01
2.572486500867747594e+01
2.578265643721709210e+01
2.584220831826786480e+01
2.591373677889647809e+01
2.599871083518442560e+01
2.607647202352874416e+01
2.619681766603116557e+01
2.633329072696560758e+01
2.644084848420170175e+01
2.655512251628714537e+01
2.663813039426731422e+01
2.640701643451116354e+01
2.570865979754795205e+01
2.483230025304846578e+01
2.385784287347549792e+01
2.299477152595099483e+01
2.222829545164977105e+01
2.172707271814208596e+01
2.130314440826371936e+01
2.055160029415004885e+01
1.968988775879989461e+01
1.890553738831912156e+01
1.814243559291231733e+01
1.742238033753802995e+01
1.665538928778835626e+01
1.594199056563547323e+01
1.518599971177607166e+01
1.439303619364963716e+01
1.350861616369549445e+01
1.278150478954980862e+01
1.188059753474477276e+01
1.123293573357388198e+01
1.042887235200428719e+01
9.750127884827985980e+00
9.174180343153347295e+00
8.489989376957066014e+00
8.049152439530764980e+00
8.279663954509343782e+00
8.599244291503715942e+00
8.984876774540117239e+00
9.388237552004250475e+00
9.917505804852469353e+00
9.872413711138012360e+00
9.282798123076746677e+00
8.602804924148459875e+00
7.912204156849073300e+00
7.291207145235675036e+00
6.629019875461260369e+00
5.984375558701776399e+00
5.339957338831821332e+00
4.688016481837477656e+00
4.020515110143541015e+00
3.407840152909659359e+00
2.837045984159040302e+00
2.181359625061146446e+00
1.541323354269039214e+00
9.517185781197934347e-01
3.789912502283936391e-01
-1.445024692994731907e-01
2.492826309443074706e-01
7.135857034168324731e-01
1.332213658535517098e+00
1.963611833899630454e+00
2.604031298950935991e+00
3.247152352010722609e+00
3.904729818944562503e+00
4.706596291227511664e+00
5.415416247932673954e+00
6.161881015736748957e+00
6.830669467388908345e+00
7.721692051334511753e+00
8.510107508640702534e+00
9.247030989118218969e+00
1.001219489133874418e+01
1.070309142550009618e+01
1.150733211202766526e+01
1.224411349136846106e+01
1.293096082496972343e+01
1.354361667347761511e+01
1.425450495238795767e+01
1.494192201869159220e+01
1.561980297866648115e+01
1.620592175172763660e+01
1.687405883800364848e+01
1.747110619036768497e+01
1.809315565681153970e+01
1.871168603949440268e+01
1.935654017055530574e+01
1.994062655733156220e+01
2.044544981370631476e+01
2.098622673385737869e+01
2.148341668833786855e+01
2.205508224704311004e+01
2.259753721983352648e+01
2.310269840402705910e+01
2.357886474422386414e+01
2.407724223779294448e+01
2.454251739743995131e+01
2.504724276954064521e+01
2.564585833859961639e+01
2.613321200799892097e+01
2.667120981783153155e+01
2.714034387467809495e+01
2.764716497522482896e+01
2.804789714355799646e+01
2.849891286790666101e+01
2.893065324815233197e+01
2.938175700539322577e+01
2.982049473310447851e+01
3.026024232477391251e+01
3.078459105251107530e+01
3.120781960419282797e+01
3.159874220703159864e+01
3.211229039840945632e+01
3.251786096573074758e+01
3.290044794759125324e+01
3.330629030945593172e+01
3.377021523112445323e+01
3.419031664434616857e+01
3.454435418640230182e+01
3.493934691285036109e+01
3.532742325997835309e+01
3.566645144533065803e+01
3.601087521976904782e+01
3.639072176647548673e+01
3.672063825193591668e+01
3.709921935531318127e+01
3.751118845335750507e+01
3.791291498005023186e+01
3.825776303989945148e+01
3.867491257975544272e+01
3.899523560681568313e+01
3.931077078280434733e+01
3.964590067351380753e+01
3.996946482322267968e+01
4.030530900295244123e+01
4.059519078615097953e+01
4.094654018629037751e+01
4.125055656986039310e+01
4.154610861895736917e+01
4.182089406650415242e+01
4.207610461409501568e+01
4.233325599352895097e+01
4.261351974560378153e+01
4.288691420211654304e+01
4.309551070701283493e+01
4.338606664154187342e+01
4.363849589087364222e+01
4.387075338510848610e+01
4.414247774041798067e+01
4.440157945530797434e+01
4.460574408374836253e+01
4.475850134010826054e+01
4.478490767931181438e+01
4.424261294580870185e+01
4.374644113609067375e+01
4.323638438542704421e+01
4.274320720193292544e+01
4.225329237274624461e+01
4.163770782363846479e+01
4.110150962865318292e+01
4.050394384062690278e+01
3.989471084213174379e+01
3.938452328933103530e+01
3.888362201638765470e+01
3.839083714589823160e+01
3.785861666260881009e+01
3.730716310662756996e+01
3.693987469878695862e+01
3.702717209518953467e+01
3.710188499296373266e+01
3.665392135571710241e+01
3.612835324566418649e+01
3.554821155173851110e+01
3.504179315054918931e+01
3.449437043428465444e+01
3.405107850797587332e+01
3.351038662320405592e+01
3.303148348511697918e+01
3.255301491257738888e+01
3.206812689402143945e+01
3.152997999706003540e+01
3.105542930507996147e+01
3.055831837859882683e+01
3.003392290716226398e+01
2.966006730616680187e+01
2.917337666881851987e+01
2.866865898457837147e+01
2.820329266977732630e+01
2.775301032019290659e+01
2.726700821100750716e+01
2.676142488770926064e+01
2.631118311882272565e+01
2.608758451563960179e+01
2.561551456975756480e+01
2.508203680513027223e+01
2.523884506055591714e+01
2.552311862863572145e+01
2.580133330293055849e+01
2.610788735014445194e+01
2.637875529044017142e+01
2.670025012601475112e+01
2.700221860929401174e+01
2.726299662546569991e+01
2.757239913066796433e+01
2.788411905848131056e+01
2.820164388515075871e+01
2.846931672758365295e+01
2.880063991710269988e+01
2.902132091894182864e+01
2.931332539113563485e+01
2.962805580729387245e+01
2.997944249856183063e+01
3.028701179266229104e+01
3.003135135447421078e+01
2.956530648827553165e+01
2.905830140402526496e+01
2.865705278701551251e+01
2.822786516855673256e+01
2.771795499219537362e+01
2.722922917318736324e+01
2.678424934218170606e+01
2.654942895407612369e+01
2.654974022314910798e+01
2.655167557645706466e+01
2.655799365081125885e+01
2.657244053365583980e+01
2.658573886652084184e+01
2.659722759075229703e+01
2.662523974660273396e+01
2.667407253279280610e+01
2.675526776614156432e+01
2.681673858921095643e+01
2.687285331304975955e+01
2.697500996789012362e+01
2.708618235027887522e+01
2.718702403256674316e+01
2.729102698777369085e+01
2.747306797007724199e+01
2.762944220062062328e+01
2.781248622492329758e+01
2.799482320006698544e+01
2.818725506562572747e+01
2.838591112807855410e+01
2.838591116884647647e+01
